raw_name,canonical_name,entity_type,confidence,resolution_method,timestamp
Sentence Transformers,Sentence Transformers,STARTUP,0.85,RULE_BASED_CLEAN,2026-08-27T15:08:45.404515+00:00
Google Bert,Google Bert,STARTUP,0.85,RULE_BASED_CLEAN,2026-08-27T15:08:45.405035+00:00
Cross Encoder,Cross Encoder,STARTUP,0.85,RULE_BASED_CLEAN,2026-08-27T15:08:45.405327+00:00
Baai,Baai,STARTUP,0.85,RULE_BASED_CLEAN,2026-08-27T15:08:45.405579+00:00
Google,Google,STARTUP,0.85,RULE_BASED_CLEAN,2026-08-27T15:08:45.405955+00:00
Amazon,Amazon,STARTUP,0.85,RULE_BASED_CLEAN,2026-08-27T15:08:45.406227+00:00
Qwen,Qwen,STARTUP,0.85,RULE_BASED_CLEAN,2026-08-27T15:08:45.406464+00:00
Lpiccinelli,Lpiccinelli,STARTUP,0.85,RULE_BASED_CLEAN,2026-08-27T15:08:45.406701+00:00
Google T5,Google T5,STARTUP,0.85,RULE_BASED_CLEAN,2026-08-27T15:08:45.406947+00:00
Openai,OpenAI,STARTUP,1.0,EXACT_SEED_MATCH,2026-08-27T15:08:45.406966+00:00
Comfy Org,Comfy Org,STARTUP,0.85,RULE_BASED_CLEAN,2026-08-27T15:08:45.407200+00:00
Facebookai,Facebookai,STARTUP,0.85,RULE_BASED_CLEAN,2026-08-27T15:08:45.407440+00:00
Timm,Timm,STARTUP,0.85,RULE_BASED_CLEAN,2026-08-27T15:08:45.407690+00:00
Trl Internal Testing,Trl Internal Testing,STARTUP,0.85,RULE_BASED_CLEAN,2026-08-27T15:08:45.407954+00:00
Nomic Ai,Nomic,STARTUP,0.85,RULE_BASED_CLEAN,2026-08-27T15:08:45.408184+00:00
Openai Community,Openai Community,STARTUP,0.85,RULE_BASED_CLEAN,2026-08-27T15:08:45.408432+00:00
Facebook,Facebook,STARTUP,0.85,RULE_BASED_CLEAN,2026-08-27T15:08:45.408661+00:00
Unsloth,Unsloth,STARTUP,0.85,RULE_BASED_CLEAN,2026-08-27T15:08:45.408896+00:00
Intfloat,Intfloat,STARTUP,0.85,RULE_BASED_CLEAN,2026-08-27T15:08:45.409124+00:00
Hexgrad,Hexgrad,STARTUP,0.85,RULE_BASED_CLEAN,2026-08-27T15:08:45.409348+00:00
Nvidia,Nvidia,STARTUP,0.85,RULE_BASED_CLEAN,2026-08-27T15:08:45.409582+00:00
Argmaxinc,Argmaxinc,STARTUP,0.85,RULE_BASED_CLEAN,2026-08-27T15:08:45.409800+00:00
Jonatasgrosman,Jonatasgrosman,STARTUP,0.85,RULE_BASED_CLEAN,2026-08-27T15:08:45.410025+00:00
Bingsu,Bingsu,STARTUP,0.85,RULE_BASED_CLEAN,2026-08-27T15:08:45.410242+00:00
Pyannote,Pyannote,STARTUP,0.85,RULE_BASED_CLEAN,2026-08-27T15:08:45.410460+00:00
Laion,Laion,STARTUP,0.85,RULE_BASED_CLEAN,2026-08-27T15:08:45.410682+00:00
Coqui,Coqui,STARTUP,0.85,RULE_BASED_CLEAN,2026-08-27T15:08:45.410902+00:00
Meta Llama,Meta Llama,STARTUP,0.85,RULE_BASED_CLEAN,2026-08-27T15:08:45.411170+00:00
Autogluon,Autogluon,STARTUP,0.85,RULE_BASED_CLEAN,2026-08-27T15:08:45.411504+00:00
Distilbert,Distilbert,STARTUP,0.85,RULE_BASED_CLEAN,2026-08-27T15:08:45.411791+00:00
Farbodtavakkoli,Farbodtavakkoli,STARTUP,0.85,RULE_BASED_CLEAN,2026-08-27T15:08:45.412024+00:00
Ibm Granite,Ibm Granite,STARTUP,0.85,RULE_BASED_CLEAN,2026-08-27T15:08:45.412278+00:00
Answerdotai,Answerdotai,STARTUP,0.85,RULE_BASED_CLEAN,2026-08-27T15:08:45.412516+00:00
Minimaxai,Minimaxai,STARTUP,0.85,RULE_BASED_CLEAN,2026-08-27T15:08:45.412765+00:00
Prosusai,Prosusai,STARTUP,0.85,RULE_BASED_CLEAN,2026-08-27T15:08:45.412991+00:00
Dphn,Dphn,STARTUP,0.85,RULE_BASED_CLEAN,2026-08-27T15:08:45.413213+00:00
Ornith Ai,Ornith,STARTUP,0.85,RULE_BASED_CLEAN,2026-08-27T15:08:45.413442+00:00
Microsoft,Microsoft,STARTUP,0.85,RULE_BASED_CLEAN,2026-08-27T15:08:45.413765+00:00
Datasocietyco,Datasocietyco,STARTUP,0.85,RULE_BASED_CLEAN,2026-08-27T15:08:45.414025+00:00
Falconsai,Falconsai,STARTUP,0.85,RULE_BASED_CLEAN,2026-08-27T15:08:45.414304+00:00
Deepseek Ai,DeepSeek,STARTUP,1.0,EXACT_SEED_MATCH,2026-08-27T15:08:45.414319+00:00
Eleutherai,Eleutherai,STARTUP,0.85,RULE_BASED_CLEAN,2026-08-27T15:08:45.414558+00:00
Mistralai,Mistral AI,STARTUP,0.88,FUZZY_RATIO_MATCH,2026-08-27T15:08:45.414800+00:00
Usyd Community,Usyd Community,STARTUP,0.85,RULE_BASED_CLEAN,2026-08-27T15:08:45.415055+00:00
Mixedbread Ai,Mixedbread,STARTUP,0.85,RULE_BASED_CLEAN,2026-08-27T15:08:45.415357+00:00
Cardiffnlp,Cardiffnlp,STARTUP,0.85,RULE_BASED_CLEAN,2026-08-27T15:08:45.415626+00:00
Radixark,Radixark,STARTUP,0.85,RULE_BASED_CLEAN,2026-08-27T15:08:45.415961+00:00
Charactr,Character.ai,STARTUP,0.94,FUZZY_RATIO_MATCH,2026-08-27T15:08:45.416245+00:00
Indonesian Nlp,Indonesian Nlp,STARTUP,0.85,RULE_BASED_CLEAN,2026-08-27T15:08:45.416478+00:00
Baidu,Baidu,STARTUP,0.85,RULE_BASED_CLEAN,2026-08-27T15:08:45.416702+00:00
Moonshotai,Moonshotai,STARTUP,0.85,RULE_BASED_CLEAN,2026-08-27T15:08:45.416921+00:00
E Mimic,E Mimic,STARTUP,0.85,RULE_BASED_CLEAN,2026-08-27T15:08:45.417176+00:00
Datalab To,Datalab To,STARTUP,0.85,RULE_BASED_CLEAN,2026-08-27T15:08:45.417727+00:00
Davidau,Davidau,STARTUP,0.85,RULE_BASED_CLEAN,2026-08-27T15:08:45.418016+00:00
Jinaai,Jinaai,STARTUP,0.85,RULE_BASED_CLEAN,2026-08-27T15:08:45.418299+00:00
Cyankiwi,Cyankiwi,STARTUP,0.85,RULE_BASED_CLEAN,2026-08-27T15:08:45.418557+00:00
Xenova,Xenova,STARTUP,0.85,RULE_BASED_CLEAN,2026-08-27T15:08:45.418804+00:00
Huggingfacetb,Hugging Face,STARTUP,0.88,FUZZY_RATIO_MATCH,2026-08-27T15:08:45.419057+00:00
Neoquasar,Neoquasar,STARTUP,0.85,RULE_BASED_CLEAN,2026-08-27T15:08:45.419298+00:00
Hauhaucs,Hauhaucs,STARTUP,0.85,RULE_BASED_CLEAN,2026-08-27T15:08:45.419544+00:00
Daekeun Ml,Daekeun Ml,STARTUP,0.85,RULE_BASED_CLEAN,2026-08-27T15:08:45.419776+00:00
Zai Org,Zai Org,STARTUP,0.85,RULE_BASED_CLEAN,2026-08-27T15:08:45.420017+00:00
Dbmdz,Dbmdz,STARTUP,0.85,RULE_BASED_CLEAN,2026-08-27T15:08:45.420257+00:00
Mahmoudashraf,Mahmoudashraf,STARTUP,0.85,RULE_BASED_CLEAN,2026-08-27T15:08:45.420515+00:00
W11Wo,W11Wo,STARTUP,0.85,RULE_BASED_CLEAN,2026-08-27T15:08:45.420743+00:00
Llava Hf,Llava Hf,STARTUP,0.85,RULE_BASED_CLEAN,2026-08-27T15:08:45.421149+00:00
Michaelfeil,Michaelfeil,STARTUP,0.85,RULE_BASED_CLEAN,2026-08-27T15:08:45.421520+00:00
Mlx Community,Mlx Community,STARTUP,0.85,RULE_BASED_CLEAN,2026-08-27T15:08:45.421923+00:00
Tostai,Tostai,STARTUP,0.85,RULE_BASED_CLEAN,2026-08-27T15:08:45.422303+00:00
Patrickjohncyh,Patrickjohncyh,STARTUP,0.85,RULE_BASED_CLEAN,2026-08-27T15:08:45.422688+00:00
Emilyalsentzer,Emilyalsentzer,STARTUP,0.85,RULE_BASED_CLEAN,2026-08-27T15:08:45.423086+00:00
Dslim,Dslim,STARTUP,0.85,RULE_BASED_CLEAN,2026-08-27T15:08:45.423535+00:00
Docling Project,Docling Project,STARTUP,0.85,RULE_BASED_CLEAN,2026-08-27T15:08:45.423994+00:00
Tinyllama,Tinyllama,STARTUP,0.85,RULE_BASED_CLEAN,2026-08-27T15:08:45.424395+00:00
Hmellor,Hmellor,STARTUP,0.85,RULE_BASED_CLEAN,2026-08-27T15:08:45.424848+00:00
Salesforce,Salesforce,STARTUP,0.85,RULE_BASED_CLEAN,2026-08-27T15:08:45.425307+00:00
Prism Ml,Prism Ml,STARTUP,0.85,RULE_BASED_CLEAN,2026-08-27T15:08:45.425710+00:00
Lmstudio Community,Lmstudio Community,STARTUP,0.85,RULE_BASED_CLEAN,2026-08-27T15:08:45.426190+00:00
Sentence Transformers Testing,Sentence Transformers Testing,STARTUP,0.85,RULE_BASED_CLEAN,2026-08-27T15:08:45.426642+00:00
Antirez,Antirez,STARTUP,0.85,RULE_BASED_CLEAN,2026-08-27T15:08:45.427042+00:00
Handy Computer,Handy Computer,STARTUP,0.85,RULE_BASED_CLEAN,2026-08-27T15:08:45.427474+00:00
Gigant,Gigant,STARTUP,0.85,RULE_BASED_CLEAN,2026-08-27T15:08:45.427874+00:00
Speechbrain,Speechbrain,STARTUP,0.85,RULE_BASED_CLEAN,2026-08-27T15:08:45.428265+00:00
Systran,Systran,STARTUP,0.85,RULE_BASED_CLEAN,2026-08-27T15:08:45.428653+00:00
Vikhyatk,Vikhyatk,STARTUP,0.85,RULE_BASED_CLEAN,2026-08-27T15:08:45.429041+00:00
Biohub,Biohub,STARTUP,0.85,RULE_BASED_CLEAN,2026-08-27T15:08:45.429535+00:00
Stanfordaimi,Stanfordaimi,STARTUP,0.85,RULE_BASED_CLEAN,2026-08-27T15:08:45.429939+00:00
Resembleai,Resembleai,STARTUP,0.85,RULE_BASED_CLEAN,2026-08-27T15:08:45.430266+00:00
Comodoro,Comodoro,STARTUP,0.85,RULE_BASED_CLEAN,2026-08-27T15:08:45.430615+00:00
Rhasspy,Rhasspy,STARTUP,0.85,RULE_BASED_CLEAN,2026-08-27T15:08:45.430857+00:00
Anuragshas,Anuragshas,STARTUP,0.85,RULE_BASED_CLEAN,2026-08-27T15:08:45.431085+00:00
Iitolstykh,Iitolstykh,STARTUP,0.85,RULE_BASED_CLEAN,2026-08-27T15:08:45.431313+00:00
Alibaba Nlp,Alibaba Nlp,STARTUP,0.85,RULE_BASED_CLEAN,2026-08-27T15:08:45.431540+00:00
Peft Internal Testing,Peft Internal Testing,STARTUP,0.85,RULE_BASED_CLEAN,2026-08-27T15:08:45.431785+00:00
Kblab,Kblab,STARTUP,0.85,RULE_BASED_CLEAN,2026-08-27T15:08:45.432012+00:00
Khalsuu,Khalsuu,STARTUP,0.85,RULE_BASED_CLEAN,2026-08-27T15:08:45.432239+00:00
Jonathancoletti,Jonathancoletti,STARTUP,0.85,RULE_BASED_CLEAN,2026-08-27T15:08:45.432468+00:00
Dima806,Dima806,STARTUP,0.85,RULE_BASED_CLEAN,2026-08-27T15:08:45.432687+00:00
Depth Anything,Depth Anything,STARTUP,0.85,RULE_BASED_CLEAN,2026-08-27T15:08:45.432918+00:00
Stabilityai,Stability AI,STARTUP,0.9,FUZZY_RATIO_MATCH,2026-08-27T15:08:45.433145+00:00
Kijai,Kijai,STARTUP,0.85,RULE_BASED_CLEAN,2026-08-27T15:08:45.433359+00:00
Prajjwal1,Prajjwal1,STARTUP,0.85,RULE_BASED_CLEAN,2026-08-27T15:08:45.433577+00:00
Audeering,Audeering,STARTUP,0.85,RULE_BASED_CLEAN,2026-08-27T15:08:45.433792+00:00
Kingabzpro,Kingabzpro,STARTUP,0.85,RULE_BASED_CLEAN,2026-08-27T15:08:45.434010+00:00
Redhatai,Redhatai,STARTUP,0.85,RULE_BASED_CLEAN,2026-08-27T15:08:45.434226+00:00
Neuralmind,Neuralmind,STARTUP,0.85,RULE_BASED_CLEAN,2026-08-27T15:08:45.434441+00:00
Whereisai,Whereisai,STARTUP,0.85,RULE_BASED_CLEAN,2026-08-27T15:08:45.434656+00:00
Cambridgeltl,Cambridgeltl,STARTUP,0.85,RULE_BASED_CLEAN,2026-08-27T15:08:45.434872+00:00
Rizvandwiki,Rizvandwiki,STARTUP,0.85,RULE_BASED_CLEAN,2026-08-27T15:08:45.435088+00:00
Dropbox Dash,Dropbox Dash,STARTUP,0.85,RULE_BASED_CLEAN,2026-08-27T15:08:45.435317+00:00
Mudler,Mudler,STARTUP,0.85,RULE_BASED_CLEAN,2026-08-27T15:08:45.435549+00:00
Idea Research,Idea Research,STARTUP,0.85,RULE_BASED_CLEAN,2026-08-27T15:08:45.435881+00:00
Stable Diffusion V1 5,Stable Diffusion V1 5,STARTUP,0.85,RULE_BASED_CLEAN,2026-08-27T15:08:45.436155+00:00
Theainerd,Theainerd,STARTUP,0.85,RULE_BASED_CLEAN,2026-08-27T15:08:45.436380+00:00
Colbert Ir,Colbert Ir,STARTUP,0.85,RULE_BASED_CLEAN,2026-08-27T15:08:45.436632+00:00
Airesearch,Airesearch,STARTUP,0.85,RULE_BASED_CLEAN,2026-08-27T15:08:45.436865+00:00
Quanttrio,Quanttrio,STARTUP,0.85,RULE_BASED_CLEAN,2026-08-27T15:08:45.437080+00:00
Gaunernst,Gaunernst,STARTUP,0.85,RULE_BASED_CLEAN,2026-08-27T15:08:45.437325+00:00
Lightricks,Lightricks,STARTUP,0.85,RULE_BASED_CLEAN,2026-08-27T15:08:45.437563+00:00
Lorbus,Lorbus,STARTUP,0.85,RULE_BASED_CLEAN,2026-08-27T15:08:45.437784+00:00
Huihui Ai,Huihui,STARTUP,0.85,RULE_BASED_CLEAN,2026-08-27T15:08:45.438015+00:00
Harveenchadha,Harveenchadha,STARTUP,0.85,RULE_BASED_CLEAN,2026-08-27T15:08:45.438256+00:00
Prithivida,Prithivida,STARTUP,0.85,RULE_BASED_CLEAN,2026-08-27T15:08:45.438476+00:00
Apple,Apple,STARTUP,0.85,RULE_BASED_CLEAN,2026-08-27T15:08:45.438698+00:00
Mesolitica,Mesolitica,STARTUP,0.85,RULE_BASED_CLEAN,2026-08-27T15:08:45.439061+00:00
Mit,Mit,STARTUP,0.85,RULE_BASED_CLEAN,2026-08-27T15:08:45.439478+00:00
Bigscience,Bigscience,STARTUP,0.85,RULE_BASED_CLEAN,2026-08-27T15:08:45.439818+00:00
Imvladikon,Imvladikon,STARTUP,0.85,RULE_BASED_CLEAN,2026-08-27T15:08:45.440201+00:00
Ibm Research,Ibm Research,STARTUP,0.85,RULE_BASED_CLEAN,2026-08-27T15:08:45.440571+00:00
Nguyenvulebinh,Nguyenvulebinh,STARTUP,0.85,RULE_BASED_CLEAN,2026-08-27T15:08:45.441030+00:00
Sahilchachra,Sahilchachra,STARTUP,0.85,RULE_BASED_CLEAN,2026-08-27T15:08:45.441416+00:00
Sshleifer,Sshleifer,STARTUP,0.85,RULE_BASED_CLEAN,2026-08-27T15:08:45.441876+00:00
Onnx Community,Onnx Community,STARTUP,0.85,RULE_BASED_CLEAN,2026-08-27T15:08:45.442321+00:00
Qdrant,Qdrant,STARTUP,1.0,EXACT_SEED_MATCH,2026-08-27T15:08:45.442359+00:00
Finiteautomata,Finiteautomata,STARTUP,0.85,RULE_BASED_CLEAN,2026-08-27T15:08:45.442796+00:00
Cidas,Cidas,STARTUP,0.85,RULE_BASED_CLEAN,2026-08-27T15:08:45.443048+00:00
Arijitx,Arijitx,STARTUP,0.85,RULE_BASED_CLEAN,2026-08-27T15:08:45.443289+00:00
Nbailab,Nbailab,STARTUP,0.85,RULE_BASED_CLEAN,2026-08-27T15:08:45.443509+00:00
Luffythefox,Luffythefox,STARTUP,0.85,RULE_BASED_CLEAN,2026-08-27T15:08:45.443731+00:00
Audio Cpp,Audio Cpp,STARTUP,0.85,RULE_BASED_CLEAN,2026-08-27T15:08:45.443968+00:00
Helsinki Nlp,Helsinki Nlp,STARTUP,0.85,RULE_BASED_CLEAN,2026-08-27T15:08:45.444203+00:00
Sakamakismile,Sakamakismile,STARTUP,0.85,RULE_BASED_CLEAN,2026-08-27T15:08:45.444437+00:00
Bahushruth,Bahushruth,STARTUP,0.85,RULE_BASED_CLEAN,2026-08-27T15:08:45.444738+00:00
Camenduru,Camenduru,STARTUP,0.85,RULE_BASED_CLEAN,2026-08-27T15:08:45.445058+00:00
Jhgan,Jhgan,STARTUP,0.85,RULE_BASED_CLEAN,2026-08-27T15:08:45.445329+00:00
Shibing624,Shibing624,STARTUP,0.85,RULE_BASED_CLEAN,2026-08-27T15:08:45.445558+00:00
Thenlper,Thenlper,STARTUP,0.85,RULE_BASED_CLEAN,2026-08-27T15:08:45.445776+00:00
Taylorai,Taylorai,STARTUP,0.85,RULE_BASED_CLEAN,2026-08-27T15:08:45.445997+00:00
Litert Community,Litert Community,STARTUP,0.85,RULE_BASED_CLEAN,2026-08-27T15:08:45.446225+00:00
Alefiury,Alefiury,STARTUP,0.85,RULE_BASED_CLEAN,2026-08-27T15:08:45.446444+00:00
Openbmb,Openbmb,STARTUP,0.85,RULE_BASED_CLEAN,2026-08-27T15:08:45.446661+00:00
Kresnik,Kresnik,STARTUP,0.85,RULE_BASED_CLEAN,2026-08-27T15:08:45.446876+00:00
Compvis,Compvis,STARTUP,0.85,RULE_BASED_CLEAN,2026-08-27T15:08:45.447104+00:00
Classla,Classla,STARTUP,0.85,RULE_BASED_CLEAN,2026-08-27T15:08:45.447319+00:00
K2 Fsa,K2 Fsa,STARTUP,0.85,RULE_BASED_CLEAN,2026-08-27T15:08:45.447618+00:00
Unslothai,Unslothai,STARTUP,0.85,RULE_BASED_CLEAN,2026-08-27T15:08:45.447930+00:00
Allenai,Allenai,STARTUP,0.85,RULE_BASED_CLEAN,2026-08-27T15:08:45.448155+00:00
Gagan3012,Gagan3012,STARTUP,0.85,RULE_BASED_CLEAN,2026-08-27T15:08:45.448382+00:00
Nm Testing,Nm Testing,STARTUP,0.85,RULE_BASED_CLEAN,2026-08-27T15:08:45.448629+00:00
Zhengpeng7,Zhengpeng7,STARTUP,0.85,RULE_BASED_CLEAN,2026-08-27T15:08:45.448851+00:00
Trustsafeai,Trustsafeai,STARTUP,0.85,RULE_BASED_CLEAN,2026-08-27T15:08:45.449102+00:00
Nlptown,Nlptown,STARTUP,0.85,RULE_BASED_CLEAN,2026-08-27T15:08:45.449326+00:00
Hustvl,Hustvl,STARTUP,0.85,RULE_BASED_CLEAN,2026-08-27T15:08:45.449548+00:00
Almanach,Almanach,STARTUP,0.85,RULE_BASED_CLEAN,2026-08-27T15:08:45.449809+00:00
Rippertnt,Rippertnt,STARTUP,0.85,RULE_BASED_CLEAN,2026-08-27T15:08:45.450034+00:00
Pysentimiento,Pysentimiento,STARTUP,0.85,RULE_BASED_CLEAN,2026-08-27T15:08:45.450260+00:00
Yehor,Yehor,STARTUP,0.85,RULE_BASED_CLEAN,2026-08-27T15:08:45.450487+00:00
Lykon,Lykon,STARTUP,0.85,RULE_BASED_CLEAN,2026-08-27T15:08:45.450709+00:00
Amunchet,Amunchet,STARTUP,0.85,RULE_BASED_CLEAN,2026-08-27T15:08:45.450941+00:00
Serveurperso,Serveurperso,STARTUP,0.85,RULE_BASED_CLEAN,2026-08-27T15:08:45.451169+00:00
Distil Whisper,Distil Whisper,STARTUP,0.85,RULE_BASED_CLEAN,2026-08-27T15:08:45.451404+00:00
Abiray,Abiray,STARTUP,0.85,RULE_BASED_CLEAN,2026-08-27T15:08:45.451631+00:00
Moritzlaurer,Moritzlaurer,STARTUP,0.85,RULE_BASED_CLEAN,2026-08-27T15:08:45.451857+00:00
Zhihan1996,Zhihan1996,STARTUP,0.85,RULE_BASED_CLEAN,2026-08-27T15:08:45.452083+00:00
0Bserverx,0Bserverx,STARTUP,0.85,RULE_BASED_CLEAN,2026-08-27T15:08:45.452309+00:00
Paddlepaddle,Paddlepaddle,STARTUP,0.85,RULE_BASED_CLEAN,2026-08-27T15:08:45.452536+00:00
Saattrupdan,Saattrupdan,STARTUP,0.85,RULE_BASED_CLEAN,2026-08-27T15:08:45.452763+00:00
Casperhansen,Casperhansen,STARTUP,0.85,RULE_BASED_CLEAN,2026-08-27T15:08:45.452989+00:00
Bytedance Seed,Bytedance Seed,STARTUP,0.85,RULE_BASED_CLEAN,2026-08-27T15:08:45.453225+00:00
Adamcodd,Adamcodd,STARTUP,0.85,RULE_BASED_CLEAN,2026-08-27T15:08:45.453461+00:00
Albert,Albert,STARTUP,0.85,RULE_BASED_CLEAN,2026-08-27T15:08:45.453700+00:00
Circlestone Labs,Circlestone,STARTUP,0.85,RULE_BASED_CLEAN,2026-08-27T15:08:45.453926+00:00
Neuml,Neuml,STARTUP,0.85,RULE_BASED_CLEAN,2026-08-27T15:08:45.454148+00:00
Samlowe,Samlowe,STARTUP,0.85,RULE_BASED_CLEAN,2026-08-27T15:08:45.454375+00:00
Eddiegulay,Eddiegulay,STARTUP,0.85,RULE_BASED_CLEAN,2026-08-27T15:08:45.454602+00:00
Snunlp,Snunlp,STARTUP,0.85,RULE_BASED_CLEAN,2026-08-27T15:08:45.454829+00:00
Yiyanghkust,Yiyanghkust,STARTUP,0.85,RULE_BASED_CLEAN,2026-08-27T15:08:45.455063+00:00
Ahotrod,Ahotrod,STARTUP,0.85,RULE_BASED_CLEAN,2026-08-27T15:08:45.455284+00:00
Swivid,Swivid,STARTUP,0.85,RULE_BASED_CLEAN,2026-08-27T15:08:45.455505+00:00
Lxyuan,Lxyuan,STARTUP,0.85,RULE_BASED_CLEAN,2026-08-27T15:08:45.455733+00:00
Opengvlab,Opengvlab,STARTUP,0.85,RULE_BASED_CLEAN,2026-08-27T15:08:45.455963+00:00
Palmfuture,Palmfuture,STARTUP,0.85,RULE_BASED_CLEAN,2026-08-27T15:08:45.456193+00:00
Tongyi Mai,Tongyi Mai,STARTUP,0.85,RULE_BASED_CLEAN,2026-08-27T15:08:45.456425+00:00
Wangzhang,Wangzhang,STARTUP,0.85,RULE_BASED_CLEAN,2026-08-27T15:08:45.456653+00:00
Ggml Org,Ggml Org,STARTUP,0.85,RULE_BASED_CLEAN,2026-08-27T15:08:45.456891+00:00
Softcatala,Softcatala,STARTUP,0.85,RULE_BASED_CLEAN,2026-08-27T15:08:45.457119+00:00
Shawnw3I,Shawnw3I,STARTUP,0.85,RULE_BASED_CLEAN,2026-08-27T15:08:45.457342+00:00
Snowflake,Snowflake,STARTUP,0.85,RULE_BASED_CLEAN,2026-08-27T15:08:45.457573+00:00
Leo97,Leo97,STARTUP,0.85,RULE_BASED_CLEAN,2026-08-27T15:08:45.457797+00:00
Liquidai,Liquidai,STARTUP,0.85,RULE_BASED_CLEAN,2026-08-27T15:08:45.458021+00:00
Inferact,Inferact,STARTUP,0.85,RULE_BASED_CLEAN,2026-08-27T15:08:45.458243+00:00
Localai Io,Localai Io,STARTUP,0.85,RULE_BASED_CLEAN,2026-08-27T15:08:45.458478+00:00
Reliquaryforge,Reliquaryforge,STARTUP,0.85,RULE_BASED_CLEAN,2026-08-27T15:08:45.458701+00:00
Huawei Noah,Huawei Noah,STARTUP,0.85,RULE_BASED_CLEAN,2026-08-27T15:08:45.458938+00:00
Stepfun Ai,Stepfun,STARTUP,0.85,RULE_BASED_CLEAN,2026-08-27T15:08:45.459163+00:00
Kha White,Kha White,STARTUP,0.85,RULE_BASED_CLEAN,2026-08-27T15:08:45.459396+00:00
Tiiuae,Tiiuae,STARTUP,0.85,RULE_BASED_CLEAN,2026-08-27T15:08:45.459620+00:00
Protolabsai,Protolabsai,STARTUP,0.85,RULE_BASED_CLEAN,2026-08-27T15:08:45.459842+00:00
Lightx2V,Lightx2V,STARTUP,0.85,RULE_BASED_CLEAN,2026-08-27T15:08:45.460064+00:00
Raxcore Dev,Raxcore Dev,STARTUP,0.85,RULE_BASED_CLEAN,2026-08-27T15:08:45.460296+00:00
Black Forest Labs,Black Forest,STARTUP,0.85,RULE_BASED_CLEAN,2026-08-27T15:08:45.460533+00:00
Aungmoonlord,Aungmoonlord,STARTUP,0.85,RULE_BASED_CLEAN,2026-08-27T15:08:45.460763+00:00
Briaai,Briaai,STARTUP,0.85,RULE_BASED_CLEAN,2026-08-27T15:08:45.460991+00:00
Livekit,Livekit,STARTUP,0.85,RULE_BASED_CLEAN,2026-08-27T15:08:45.461217+00:00
Gvs,Gvs,STARTUP,0.85,RULE_BASED_CLEAN,2026-08-27T15:08:45.461443+00:00
Kernels Community,Kernels Community,STARTUP,0.85,RULE_BASED_CLEAN,2026-08-27T15:08:45.461680+00:00
Alsgyu,Alsgyu,STARTUP,0.85,RULE_BASED_CLEAN,2026-08-27T15:08:45.461900+00:00
Mradermacher,Mradermacher,STARTUP,0.85,RULE_BASED_CLEAN,2026-08-27T15:08:45.462127+00:00
Larryvrh,Larryvrh,STARTUP,0.85,RULE_BASED_CLEAN,2026-08-27T15:08:45.462350+00:00
Neuralbioinfo,Neuralbioinfo,STARTUP,0.85,RULE_BASED_CLEAN,2026-08-27T15:08:45.462571+00:00
Aubmindlab,Aubmindlab,STARTUP,0.85,RULE_BASED_CLEAN,2026-08-27T15:08:45.462802+00:00
Lfcc,Lfcc,STARTUP,0.85,RULE_BASED_CLEAN,2026-08-27T15:08:45.463028+00:00
Zeroentropy,Zeroentropy,STARTUP,0.85,RULE_BASED_CLEAN,2026-08-27T15:08:45.463255+00:00
Tencent,Tencent,STARTUP,0.85,RULE_BASED_CLEAN,2026-08-27T15:08:45.463483+00:00
Lvwerra,Lvwerra,STARTUP,0.85,RULE_BASED_CLEAN,2026-08-27T15:08:45.463749+00:00
Swiss Ai,Swiss,STARTUP,0.85,RULE_BASED_CLEAN,2026-08-27T15:08:45.463974+00:00
Elgeish,Elgeish,STARTUP,0.85,RULE_BASED_CLEAN,2026-08-27T15:08:45.464200+00:00
Kredor,Kredor,STARTUP,0.85,RULE_BASED_CLEAN,2026-08-27T15:08:45.464424+00:00
Kyutai,Kyutai,STARTUP,0.85,RULE_BASED_CLEAN,2026-08-27T15:08:45.464648+00:00
Aeon 7,Aeon 7,STARTUP,0.85,RULE_BASED_CLEAN,2026-08-27T15:08:45.464881+00:00
Yyfz233,Yyfz233,STARTUP,0.85,RULE_BASED_CLEAN,2026-08-27T15:08:45.465102+00:00
Papluca,Papluca,STARTUP,0.85,RULE_BASED_CLEAN,2026-08-27T15:08:45.465328+00:00
Orion Zhen,Orion Zhen,STARTUP,0.85,RULE_BASED_CLEAN,2026-08-27T15:08:45.465560+00:00
Ai21Labs,Ai21Labs,STARTUP,0.85,RULE_BASED_CLEAN,2026-08-27T15:08:45.465790+00:00
Pekingu,Pekingu,STARTUP,0.85,RULE_BASED_CLEAN,2026-08-27T15:08:45.466016+00:00
Yitutech,Yitutech,STARTUP,0.85,RULE_BASED_CLEAN,2026-08-27T15:08:45.466238+00:00
Boltzgen,Boltzgen,STARTUP,0.85,RULE_BASED_CLEAN,2026-08-27T15:08:45.466458+00:00
Intel,Intel,STARTUP,0.85,RULE_BASED_CLEAN,2026-08-27T15:08:45.466691+00:00
Protectai,Protectai,STARTUP,0.85,RULE_BASED_CLEAN,2026-08-27T15:08:45.466928+00:00
Wikeeyang,Wikeeyang,STARTUP,0.85,RULE_BASED_CLEAN,2026-08-27T15:08:45.467155+00:00
Segment Any Text,Segment Any Text,STARTUP,0.85,RULE_BASED_CLEAN,2026-08-27T15:08:45.467396+00:00
Bosonai,Bosonai,STARTUP,0.85,RULE_BASED_CLEAN,2026-08-27T15:08:45.467622+00:00
Boboliu,Boboliu,STARTUP,0.85,RULE_BASED_CLEAN,2026-08-27T15:08:45.467847+00:00
Hugging Quants,Hugging Quants,STARTUP,0.85,RULE_BASED_CLEAN,2026-08-27T15:08:45.468078+00:00
Ista Daslab,Ista Daslab,STARTUP,0.85,RULE_BASED_CLEAN,2026-08-27T15:08:45.468308+00:00
Elkulako,Elkulako,STARTUP,0.85,RULE_BASED_CLEAN,2026-08-27T15:08:45.468533+00:00
Meta Models,Meta Models,STARTUP,0.85,RULE_BASED_CLEAN,2026-08-27T15:08:45.468775+00:00
Vumichien,Vumichien,STARTUP,0.85,RULE_BASED_CLEAN,2026-08-27T15:08:45.468995+00:00
Florence Community,Florence Community,STARTUP,0.85,RULE_BASED_CLEAN,2026-08-27T15:08:45.469229+00:00
Mpoyraz,Mpoyraz,STARTUP,0.85,RULE_BASED_CLEAN,2026-08-27T15:08:45.469454+00:00
Minishlab,Minishlab,STARTUP,0.85,RULE_BASED_CLEAN,2026-08-27T15:08:45.469678+00:00
Rinna,Rinna,STARTUP,0.85,RULE_BASED_CLEAN,2026-08-27T15:08:45.469902+00:00
Abelzimba,Abelzimba,STARTUP,0.85,RULE_BASED_CLEAN,2026-08-27T15:08:45.470125+00:00
Deepset,Deepset,STARTUP,0.85,RULE_BASED_CLEAN,2026-08-27T15:08:45.470345+00:00
Deepbeepmeep,Deepbeepmeep,STARTUP,0.85,RULE_BASED_CLEAN,2026-08-27T15:08:45.470566+00:00
Llamafactory,Llamafactory,STARTUP,0.85,RULE_BASED_CLEAN,2026-08-27T15:08:45.470791+00:00
Realrebelai,Realrebelai,STARTUP,0.85,RULE_BASED_CLEAN,2026-08-27T15:08:45.471012+00:00
Final Bench,Final Bench,STARTUP,0.85,RULE_BASED_CLEAN,2026-08-27T15:08:45.471243+00:00
Ai Sage,Sage,STARTUP,0.85,RULE_BASED_CLEAN,2026-08-27T15:08:45.471466+00:00
Yikuan8,Yikuan8,STARTUP,0.85,RULE_BASED_CLEAN,2026-08-27T15:08:45.471687+00:00
Griko,Griko,STARTUP,0.85,RULE_BASED_CLEAN,2026-08-27T15:08:45.471966+00:00
Yuxinlu1,Yuxinlu1,STARTUP,0.85,RULE_BASED_CLEAN,2026-08-27T15:08:45.472199+00:00
Obliteratus,Obliteratus,STARTUP,0.85,RULE_BASED_CLEAN,2026-08-27T15:08:45.472428+00:00
Codellama,Codellama,STARTUP,0.85,RULE_BASED_CLEAN,2026-08-27T15:08:45.472657+00:00
J Hartmann,J Hartmann,STARTUP,0.85,RULE_BASED_CLEAN,2026-08-27T15:08:45.472889+00:00
Zed Industries,Zed Industries,STARTUP,0.85,RULE_BASED_CLEAN,2026-08-27T15:08:45.473122+00:00
Coherelabs,Coherelabs,STARTUP,0.85,RULE_BASED_CLEAN,2026-08-27T15:08:45.473348+00:00
Ncbi,Ncbi,STARTUP,0.85,RULE_BASED_CLEAN,2026-08-27T15:08:45.473573+00:00
Bartowski,Bartowski,STARTUP,0.85,RULE_BASED_CLEAN,2026-08-27T15:08:45.473801+00:00
Freepik,Freepik,STARTUP,0.85,RULE_BASED_CLEAN,2026-08-27T15:08:45.474029+00:00
Naver,Naver,STARTUP,0.85,RULE_BASED_CLEAN,2026-08-27T15:08:45.474253+00:00
Noneusername,Noneusername,STARTUP,0.85,RULE_BASED_CLEAN,2026-08-27T15:08:45.474480+00:00
Ku Nlp,Ku Nlp,STARTUP,0.85,RULE_BASED_CLEAN,2026-08-27T15:08:45.474710+00:00
Mongodb,Mongodb,STARTUP,0.85,RULE_BASED_CLEAN,2026-08-27T15:08:45.474929+00:00
Infinitejoy,Infinitejoy,STARTUP,0.85,RULE_BASED_CLEAN,2026-08-27T15:08:45.475155+00:00
M3Hrdadfi,M3Hrdadfi,STARTUP,0.85,RULE_BASED_CLEAN,2026-08-27T15:08:45.475377+00:00
Circulus,Circulus,STARTUP,0.85,RULE_BASED_CLEAN,2026-08-27T15:08:45.475602+00:00
Lgai Exaone,Lgai Exaone,STARTUP,0.85,RULE_BASED_CLEAN,2026-08-27T15:08:45.475833+00:00
Spideydlk,Spideydlk,STARTUP,0.85,RULE_BASED_CLEAN,2026-08-27T15:08:45.476055+00:00
Lightonai,Lightonai,STARTUP,0.85,RULE_BASED_CLEAN,2026-08-27T15:08:45.476282+00:00
Poolside,Poolside,STARTUP,1.0,EXACT_SEED_MATCH,2026-08-27T15:08:45.476291+00:00
Milanlproc,Milanlproc,STARTUP,0.85,RULE_BASED_CLEAN,2026-08-27T15:08:45.476518+00:00
Onecxi,Onecxi,STARTUP,0.85,RULE_BASED_CLEAN,2026-08-27T15:08:45.476739+00:00
Fixie Ai,Fixie,STARTUP,0.85,RULE_BASED_CLEAN,2026-08-27T15:08:45.476960+00:00
Gabor Hosu,Gabor Hosu,STARTUP,0.85,RULE_BASED_CLEAN,2026-08-27T15:08:45.477191+00:00
Emrecan,Emrecan,STARTUP,0.85,RULE_BASED_CLEAN,2026-08-27T15:08:45.477416+00:00
Bkai Foundation Models,Bkai Foundation Models,STARTUP,0.85,RULE_BASED_CLEAN,2026-08-27T15:08:45.477655+00:00
Obi,Obi,STARTUP,0.85,RULE_BASED_CLEAN,2026-08-27T15:08:45.477902+00:00
H2Oai,H2Oai,STARTUP,0.85,RULE_BASED_CLEAN,2026-08-27T15:08:45.478138+00:00
Empero Ai,Empero,STARTUP,0.85,RULE_BASED_CLEAN,2026-08-27T15:08:45.478374+00:00
1 800 Bad Code,1 800 Bad Code,STARTUP,0.85,RULE_BASED_CLEAN,2026-08-27T15:08:45.478627+00:00
Solidrust,Solidrust,STARTUP,0.85,RULE_BASED_CLEAN,2026-08-27T15:08:45.478855+00:00
Fastino,Fastino,STARTUP,0.85,RULE_BASED_CLEAN,2026-08-27T15:08:45.479081+00:00
Hubertsiuzdak,Hubertsiuzdak,STARTUP,0.85,RULE_BASED_CLEAN,2026-08-27T15:08:45.479309+00:00
Anton L,Anton L,STARTUP,0.85,RULE_BASED_CLEAN,2026-08-27T15:08:45.479541+00:00
Mlabonne,Mlabonne,STARTUP,0.85,RULE_BASED_CLEAN,2026-08-27T15:08:45.479766+00:00
Typeform,Typeform,STARTUP,0.85,RULE_BASED_CLEAN,2026-08-27T15:08:45.479986+00:00
Huggingface,Hugging Face,STARTUP,1.0,EXACT_SEED_MATCH,2026-08-27T15:08:45.479995+00:00
Deepgrove,Deepgrove,STARTUP,0.85,RULE_BASED_CLEAN,2026-08-27T15:08:45.480221+00:00
Timkond,Timkond,STARTUP,0.85,RULE_BASED_CLEAN,2026-08-27T15:08:45.480448+00:00
Babelscape,Babelscape,STARTUP,0.85,RULE_BASED_CLEAN,2026-08-27T15:08:45.480672+00:00
Arunavaonly,Arunavaonly,STARTUP,0.85,RULE_BASED_CLEAN,2026-08-27T15:08:45.480900+00:00
Alfonsom,Alfonsom,STARTUP,0.85,RULE_BASED_CLEAN,2026-08-27T15:08:45.481126+00:00
Dascim,Dascim,STARTUP,0.85,RULE_BASED_CLEAN,2026-08-27T15:08:45.481350+00:00
Sg161222,Sg161222,STARTUP,0.85,RULE_BASED_CLEAN,2026-08-27T15:08:45.481571+00:00
Mcg Nju,Mcg Nju,STARTUP,0.85,RULE_BASED_CLEAN,2026-08-27T15:08:45.481803+00:00
Optimum Intel Internal Testing,Optimum Intel Internal Testing,STARTUP,0.85,RULE_BASED_CLEAN,2026-08-27T15:08:45.482056+00:00
Sdadas,Sdadas,STARTUP,0.85,RULE_BASED_CLEAN,2026-08-27T15:08:45.482288+00:00
Cl Nagoya,Cl Nagoya,STARTUP,0.85,RULE_BASED_CLEAN,2026-08-27T15:08:45.482522+00:00
Smilingwolf,Smilingwolf,STARTUP,0.85,RULE_BASED_CLEAN,2026-08-27T15:08:45.482750+00:00
Dccuchile,Dccuchile,STARTUP,0.85,RULE_BASED_CLEAN,2026-08-27T15:08:45.482972+00:00
Openmuq,Openmuq,STARTUP,0.85,RULE_BASED_CLEAN,2026-08-27T15:08:45.483196+00:00
Fremycompany,Fremycompany,STARTUP,0.85,RULE_BASED_CLEAN,2026-08-27T15:08:45.483419+00:00
Cointegrated,Cointegrated,STARTUP,0.85,RULE_BASED_CLEAN,2026-08-27T15:08:45.483640+00:00
Nousresearch,Nousresearch,STARTUP,0.85,RULE_BASED_CLEAN,2026-08-27T15:08:45.483864+00:00
Lmg Anon,Lmg Anon,STARTUP,0.85,RULE_BASED_CLEAN,2026-08-27T15:08:45.484125+00:00
Videosdk Live,Videosdk Live,STARTUP,0.85,RULE_BASED_CLEAN,2026-08-27T15:08:45.484368+00:00
Ransaka,Ransaka,STARTUP,0.85,RULE_BASED_CLEAN,2026-08-27T15:08:45.484594+00:00
Ankitai,Ankitai,STARTUP,0.85,RULE_BASED_CLEAN,2026-08-27T15:08:45.484823+00:00
Infly,Infly,STARTUP,0.85,RULE_BASED_CLEAN,2026-08-27T15:08:45.485046+00:00
Ilyagusev,Ilyagusev,STARTUP,0.85,RULE_BASED_CLEAN,2026-08-27T15:08:45.485268+00:00
Mjpansa,Mjpansa,STARTUP,0.85,RULE_BASED_CLEAN,2026-08-27T15:08:45.485495+00:00
Flair,Flair,STARTUP,0.85,RULE_BASED_CLEAN,2026-08-27T15:08:45.485722+00:00
Jhu Clsp,Jhu Clsp,STARTUP,0.85,RULE_BASED_CLEAN,2026-08-27T15:08:45.485955+00:00
Blanchefort,Blanchefort,STARTUP,0.85,RULE_BASED_CLEAN,2026-08-27T15:08:45.486178+00:00
State Spaces,State Spaces,STARTUP,0.85,RULE_BASED_CLEAN,2026-08-27T15:08:45.486417+00:00
Sumedh,Sumedh,STARTUP,0.85,RULE_BASED_CLEAN,2026-08-27T15:08:45.486639+00:00
Dots Studio,Dots Studio,STARTUP,0.85,RULE_BASED_CLEAN,2026-08-27T15:08:45.486872+00:00
Jackrong,Jackrong,STARTUP,0.85,RULE_BASED_CLEAN,2026-08-27T15:08:45.487100+00:00
Llmfan46,Llmfan46,STARTUP,0.85,RULE_BASED_CLEAN,2026-08-27T15:08:45.487323+00:00
Breezedeus,Breezedeus,STARTUP,0.85,RULE_BASED_CLEAN,2026-08-27T15:08:45.487550+00:00
Xiaomimimo,Xiaomimimo,STARTUP,0.85,RULE_BASED_CLEAN,2026-08-27T15:08:45.487777+00:00
Amoghsgopadi,Amoghsgopadi,STARTUP,0.85,RULE_BASED_CLEAN,2026-08-27T15:08:45.488004+00:00
Vovanphuc,Vovanphuc,STARTUP,0.85,RULE_BASED_CLEAN,2026-08-27T15:08:45.488237+00:00
Enzostvs,Enzostvs,STARTUP,0.85,RULE_BASED_CLEAN,2026-08-27T15:08:45.488464+00:00
Open Llm Leaderboard,Open Llm Leaderboard,STARTUP,0.85,RULE_BASED_CLEAN,2026-08-27T15:08:45.488708+00:00
Jbilcke Hf,Jbilcke Hf,STARTUP,0.85,RULE_BASED_CLEAN,2026-08-27T15:08:45.488940+00:00
Kwai Kolors,Kwai Kolors,STARTUP,0.85,RULE_BASED_CLEAN,2026-08-27T15:08:45.489170+00:00
Mteb,Mteb,STARTUP,0.85,RULE_BASED_CLEAN,2026-08-27T15:08:45.489393+00:00
Dalle Mini,Dalle Mini,STARTUP,0.85,RULE_BASED_CLEAN,2026-08-27T15:08:45.489623+00:00
Ap123,Ap123,STARTUP,0.85,RULE_BASED_CLEAN,2026-08-27T15:08:45.489846+00:00
Lmarena Ai,Lmarena,STARTUP,0.85,RULE_BASED_CLEAN,2026-08-27T15:08:45.490208+00:00
Kingnish,Kingnish,STARTUP,0.85,RULE_BASED_CLEAN,2026-08-27T15:08:45.490462+00:00
Nanotron,Nanotron,STARTUP,0.85,RULE_BASED_CLEAN,2026-08-27T15:08:45.490685+00:00
Klingteam,Klingteam,STARTUP,0.85,RULE_BASED_CLEAN,2026-08-27T15:08:45.490910+00:00
Mrfakename,Mrfakename,STARTUP,0.85,RULE_BASED_CLEAN,2026-08-27T15:08:45.491136+00:00
Instantx,Instantx,STARTUP,0.85,RULE_BASED_CLEAN,2026-08-27T15:08:45.491357+00:00
Zerogpu Aoti,Zerogpu Aoti,STARTUP,0.85,RULE_BASED_CLEAN,2026-08-27T15:08:45.491589+00:00
Akhaliq,Akhaliq,STARTUP,0.85,RULE_BASED_CLEAN,2026-08-27T15:08:45.491831+00:00
R3Gm,R3Gm,STARTUP,0.85,RULE_BASED_CLEAN,2026-08-27T15:08:45.492068+00:00
Mukaist,Mukaist,STARTUP,0.85,RULE_BASED_CLEAN,2026-08-27T15:08:45.492290+00:00
Pharmapsychotic,Pharmapsychotic,STARTUP,0.85,RULE_BASED_CLEAN,2026-08-27T15:08:45.492510+00:00
Not Lain,Not Lain,STARTUP,0.85,RULE_BASED_CLEAN,2026-08-27T15:08:45.492744+00:00
Sanchit Gandhi,Sanchit Gandhi,STARTUP,0.85,RULE_BASED_CLEAN,2026-08-27T15:08:45.492980+00:00
Humanaigc,Humanaigc,STARTUP,0.85,RULE_BASED_CLEAN,2026-08-27T15:08:45.493193+00:00
Prithivmlmods,Prithivmlmods,STARTUP,0.85,RULE_BASED_CLEAN,2026-08-27T15:08:45.493408+00:00
Tonyassi,Tonyassi,STARTUP,0.85,RULE_BASED_CLEAN,2026-08-27T15:08:45.493618+00:00
Multimodalart,Multimodalart,STARTUP,0.85,RULE_BASED_CLEAN,2026-08-27T15:08:45.493834+00:00
Fffiloni,Fffiloni,STARTUP,0.85,RULE_BASED_CLEAN,2026-08-27T15:08:45.494046+00:00
Selfit Camera,Selfit Camera,STARTUP,0.85,RULE_BASED_CLEAN,2026-08-27T15:08:45.494268+00:00
Sczhou,Sczhou,STARTUP,0.85,RULE_BASED_CLEAN,2026-08-27T15:08:45.494483+00:00
Suno,Suno,STARTUP,0.85,RULE_BASED_CLEAN,2026-08-27T15:08:45.494693+00:00
Ai4Editing,Ai4Editing,STARTUP,0.85,RULE_BASED_CLEAN,2026-08-27T15:08:45.494915+00:00
Linoyts,Linoyts,STARTUP,0.85,RULE_BASED_CLEAN,2026-08-27T15:08:45.495127+00:00
Finegrain,Finegrain,STARTUP,0.85,RULE_BASED_CLEAN,2026-08-27T15:08:45.495337+00:00
Wan Ai,Wan,STARTUP,0.85,RULE_BASED_CLEAN,2026-08-27T15:08:45.495547+00:00
Yisol,Yisol,STARTUP,0.85,RULE_BASED_CLEAN,2026-08-27T15:08:45.495755+00:00
Yanze,Yanze,STARTUP,0.85,RULE_BASED_CLEAN,2026-08-27T15:08:45.495978+00:00
Gustavosta,Gustavosta,STARTUP,0.85,RULE_BASED_CLEAN,2026-08-27T15:08:45.496216+00:00
Mediasynthesismuseum,Mediasynthesismuseum,STARTUP,0.85,RULE_BASED_CLEAN,2026-08-27T15:08:45.496499+00:00
Dontplantoend,Dontplantoend,STARTUP,0.85,RULE_BASED_CLEAN,2026-08-27T15:08:45.496727+00:00
Huggingface Projects,Huggingface Projects,STARTUP,0.85,RULE_BASED_CLEAN,2026-08-27T15:08:45.496958+00:00
Tencentarc,Tencentarc,STARTUP,0.85,RULE_BASED_CLEAN,2026-08-27T15:08:45.497178+00:00
Ehristoforu,Ehristoforu,STARTUP,0.85,RULE_BASED_CLEAN,2026-08-27T15:08:45.497401+00:00
Nari Labs,Nari,STARTUP,0.85,RULE_BASED_CLEAN,2026-08-27T15:08:45.497615+00:00
Fancyfeast,Fancyfeast,STARTUP,0.85,RULE_BASED_CLEAN,2026-08-27T15:08:45.497858+00:00
Nihalgazi,Nihalgazi,STARTUP,0.85,RULE_BASED_CLEAN,2026-08-27T15:08:45.498080+00:00
Jasperai,Jasper,STARTUP,0.86,FUZZY_RATIO_MATCH,2026-08-27T15:08:45.498307+00:00
Ilcve21,Ilcve21,STARTUP,0.85,RULE_BASED_CLEAN,2026-08-27T15:08:45.498524+00:00
Timbrooks,Timbrooks,STARTUP,0.85,RULE_BASED_CLEAN,2026-08-27T15:08:45.498738+00:00
Bigcode,Bigcode,STARTUP,0.85,RULE_BASED_CLEAN,2026-08-27T15:08:45.498951+00:00
Kulkas2Pintu,Kulkas2Pintu,STARTUP,0.85,RULE_BASED_CLEAN,2026-08-27T15:08:45.499165+00:00
Ysharma,Ysharma,STARTUP,0.85,RULE_BASED_CLEAN,2026-08-27T15:08:45.499377+00:00
Deepfloyd,Deepfloyd,STARTUP,0.85,RULE_BASED_CLEAN,2026-08-27T15:08:45.499593+00:00
Ali Vilab,Ali Vilab,STARTUP,0.85,RULE_BASED_CLEAN,2026-08-27T15:08:45.499823+00:00
Jamesliu1217,Jamesliu1217,STARTUP,0.85,RULE_BASED_CLEAN,2026-08-27T15:08:45.500037+00:00
Hf Audio,Hf Audio,STARTUP,0.85,RULE_BASED_CLEAN,2026-08-27T15:08:45.500260+00:00
Osanseviero,Osanseviero,STARTUP,0.85,RULE_BASED_CLEAN,2026-08-27T15:08:45.500478+00:00
Frameai4687,Frameai4687,STARTUP,0.85,RULE_BASED_CLEAN,2026-08-27T15:08:45.500695+00:00
Vinthony,Vinthony,STARTUP,0.85,RULE_BASED_CLEAN,2026-08-27T15:08:45.500906+00:00
Zcxu Eric,Zcxu Eric,STARTUP,0.85,RULE_BASED_CLEAN,2026-08-27T15:08:45.501131+00:00
Huggingfacefw,Hugging Face,STARTUP,0.88,FUZZY_RATIO_MATCH,2026-08-27T15:08:45.501343+00:00
Asahina2K,Asahina2K,STARTUP,0.85,RULE_BASED_CLEAN,2026-08-27T15:08:45.501556+00:00
Gokaygokay,Gokaygokay,STARTUP,0.85,RULE_BASED_CLEAN,2026-08-27T15:08:45.501770+00:00
Dream2589632147,Dream2589632147,STARTUP,0.85,RULE_BASED_CLEAN,2026-08-27T15:08:45.501992+00:00
Lllyasviel,Lllyasviel,STARTUP,0.85,RULE_BASED_CLEAN,2026-08-27T15:08:45.502308+00:00
Damarjati,Damarjati,STARTUP,0.85,RULE_BASED_CLEAN,2026-08-27T15:08:45.502698+00:00
Innoai,Innoai,STARTUP,0.85,RULE_BASED_CLEAN,2026-08-27T15:08:45.502949+00:00
Huggingchat,Huggingchat,STARTUP,0.85,RULE_BASED_CLEAN,2026-08-27T15:08:45.503173+00:00
Merve,Merve,STARTUP,0.85,RULE_BASED_CLEAN,2026-08-27T15:08:45.503413+00:00
Hysts,Hysts,STARTUP,0.85,RULE_BASED_CLEAN,2026-08-27T15:08:45.503666+00:00
Langflow,Langflow,STARTUP,0.85,RULE_BASED_CLEAN,2026-08-27T15:08:45.503904+00:00
Playgroundai,Playgroundai,STARTUP,0.85,RULE_BASED_CLEAN,2026-08-27T15:08:45.504115+00:00
Myshell Ai,Myshell,STARTUP,0.85,RULE_BASED_CLEAN,2026-08-27T15:08:45.504337+00:00
Levihsu,Levihsu,STARTUP,0.85,RULE_BASED_CLEAN,2026-08-27T15:08:45.504547+00:00
Heartsync,Heartsync,STARTUP,0.85,RULE_BASED_CLEAN,2026-08-27T15:08:45.504758+00:00
Xintao,Xintao,STARTUP,0.85,RULE_BASED_CLEAN,2026-08-27T15:08:45.504968+00:00
Prodia,Prodia,STARTUP,0.85,RULE_BASED_CLEAN,2026-08-27T15:08:45.505176+00:00
Bytedance,Bytedance,STARTUP,0.85,RULE_BASED_CLEAN,2026-08-27T15:08:45.505390+00:00
Gabrielchua,Gabrielchua,STARTUP,0.85,RULE_BASED_CLEAN,2026-08-27T15:08:45.505605+00:00
Anzorq,Anzorq,STARTUP,0.85,RULE_BASED_CLEAN,2026-08-27T15:08:45.505817+00:00
Doubiiu,Doubiiu,STARTUP,0.85,RULE_BASED_CLEAN,2026-08-27T15:08:45.506027+00:00
Vokturz,Vokturz,STARTUP,0.85,RULE_BASED_CLEAN,2026-08-27T15:08:45.506240+00:00
Draggan,Draggan,STARTUP,0.85,RULE_BASED_CLEAN,2026-08-27T15:08:45.506452+00:00
Opencompass,Opencompass,STARTUP,0.85,RULE_BASED_CLEAN,2026-08-27T15:08:45.506664+00:00
Hf Accelerate,Hf Accelerate,STARTUP,0.85,RULE_BASED_CLEAN,2026-08-27T15:08:45.506888+00:00
Hkchengrex,Hkchengrex,STARTUP,0.85,RULE_BASED_CLEAN,2026-08-27T15:08:45.507105+00:00
Sanster,Sanster,STARTUP,0.85,RULE_BASED_CLEAN,2026-08-27T15:08:45.507320+00:00
Smolagents,Smolagents,STARTUP,0.85,RULE_BASED_CLEAN,2026-08-27T15:08:45.507531+00:00
Tts Agi,Tts Agi,STARTUP,0.85,RULE_BASED_CLEAN,2026-08-27T15:08:45.507760+00:00
Modelscope,Modelscope,STARTUP,0.85,RULE_BASED_CLEAN,2026-08-27T15:08:45.507975+00:00
Yuanshi,Yuanshi,STARTUP,0.85,RULE_BASED_CLEAN,2026-08-27T15:08:45.508198+00:00
Victor,Victor,STARTUP,0.85,RULE_BASED_CLEAN,2026-08-27T15:08:45.508453+00:00
Huggingfacem4,Hugging Face,STARTUP,0.88,FUZZY_RATIO_MATCH,2026-08-27T15:08:45.508687+00:00
Johnsmith9982,Johnsmith9982,STARTUP,0.85,RULE_BASED_CLEAN,2026-08-27T15:08:45.508910+00:00
Huggingfaceh4,Hugging Face,STARTUP,0.88,FUZZY_RATIO_MATCH,2026-08-27T15:08:45.509128+00:00
Aimeebingmouqu,Aimeebingmouqu,STARTUP,0.85,RULE_BASED_CLEAN,2026-08-27T15:08:45.509356+00:00
Vast Ai,Vast.ai,STARTUP,1.0,EXACT_SEED_MATCH,2026-08-27T15:08:45.509376+00:00
Vision Cair Admin,Vision Cair Admin,STARTUP,0.85,RULE_BASED_CLEAN,2026-08-27T15:08:45.509613+00:00
Faceonlive,Faceonlive,STARTUP,0.85,RULE_BASED_CLEAN,2026-08-27T15:08:45.509831+00:00
Bookbot,Bookbot,STARTUP,0.85,RULE_BASED_CLEAN,2026-08-27T15:08:45.510057+00:00
Sesame,Sesame,STARTUP,0.85,RULE_BASED_CLEAN,2026-08-27T15:08:45.510278+00:00
Parler Tts,Parler Tts,STARTUP,0.85,RULE_BASED_CLEAN,2026-08-27T15:08:45.510513+00:00
Thestinger,Thestinger,STARTUP,0.85,RULE_BASED_CLEAN,2026-08-27T15:08:45.510750+00:00
Indexteam,Indexteam,STARTUP,0.85,RULE_BASED_CLEAN,2026-08-27T15:08:45.510967+00:00
Shariqfarooq,Shariqfarooq,STARTUP,0.85,RULE_BASED_CLEAN,2026-08-27T15:08:45.511187+00:00
Hadadxyz,Hadadxyz,STARTUP,0.85,RULE_BASED_CLEAN,2026-08-27T15:08:45.511415+00:00
Haoheliu,Haoheliu,STARTUP,0.85,RULE_BASED_CLEAN,2026-08-27T15:08:45.511629+00:00
Lnyan,Lnyan,STARTUP,0.85,RULE_BASED_CLEAN,2026-08-27T15:08:45.511847+00:00
Ovi054,Ovi054,STARTUP,0.85,RULE_BASED_CLEAN,2026-08-27T15:08:45.512059+00:00
Felixrosberg,Felixrosberg,STARTUP,0.85,RULE_BASED_CLEAN,2026-08-27T15:08:45.512271+00:00
Zomehwh,Zomehwh,STARTUP,0.85,RULE_BASED_CLEAN,2026-08-27T15:08:45.512481+00:00
Wuvin,Wuvin,STARTUP,0.85,RULE_BASED_CLEAN,2026-08-27T15:08:45.512691+00:00
Bytedance Research,Bytedance Research,STARTUP,0.85,RULE_BASED_CLEAN,2026-08-27T15:08:45.512914+00:00
Llamameta,Llamameta,STARTUP,0.85,RULE_BASED_CLEAN,2026-08-27T15:08:45.513127+00:00
Agent Memory Leaderboard,Agent Memory Leaderboard,STARTUP,0.85,RULE_BASED_CLEAN,2026-08-27T15:08:45.513363+00:00
Agents Course,Agents Course,STARTUP,0.85,RULE_BASED_CLEAN,2026-08-27T15:08:45.513592+00:00
Styletts2,Styletts2,STARTUP,0.85,RULE_BASED_CLEAN,2026-08-27T15:08:45.513804+00:00
Lambda,Lambda,STARTUP,1.0,EXACT_SEED_MATCH,2026-08-27T15:08:45.513812+00:00
Shitao,Shitao,STARTUP,0.85,RULE_BASED_CLEAN,2026-08-27T15:08:45.514025+00:00
Stable X,Stable X,STARTUP,0.85,RULE_BASED_CLEAN,2026-08-27T15:08:45.514260+00:00
Fishaudio,Fishaudio,STARTUP,0.85,RULE_BASED_CLEAN,2026-08-27T15:08:45.514513+00:00
Trellis Community,Trellis Community,STARTUP,0.85,RULE_BASED_CLEAN,2026-08-27T15:08:45.515219+00:00
Aslp Lab,Aslp Lab,STARTUP,0.85,RULE_BASED_CLEAN,2026-08-27T15:08:45.515467+00:00
Nightfury,Nightfury,STARTUP,0.85,RULE_BASED_CLEAN,2026-08-27T15:08:45.515684+00:00
Ginipick,Ginipick,STARTUP,0.85,RULE_BASED_CLEAN,2026-08-27T15:08:45.515905+00:00
Ace Step,Ace Step,STARTUP,0.85,RULE_BASED_CLEAN,2026-08-27T15:08:45.516133+00:00
Opendatalab,Opendatalab,STARTUP,0.85,RULE_BASED_CLEAN,2026-08-27T15:08:45.516358+00:00
Cvpr,Cvpr,STARTUP,0.85,RULE_BASED_CLEAN,2026-08-27T15:08:45.516572+00:00
Skytnt,Skytnt,STARTUP,0.85,RULE_BASED_CLEAN,2026-08-27T15:08:45.516786+00:00
M Ric,M Ric,STARTUP,0.85,RULE_BASED_CLEAN,2026-08-27T15:08:45.517008+00:00
Blinkdl,Blinkdl,STARTUP,0.85,RULE_BASED_CLEAN,2026-08-27T15:08:45.517219+00:00
Pyramid Flow,Pyramid Flow,STARTUP,0.85,RULE_BASED_CLEAN,2026-08-27T15:08:45.517445+00:00
Jpgallegoar,Jpgallegoar,STARTUP,0.85,RULE_BASED_CLEAN,2026-08-27T15:08:45.517657+00:00
Riverz,Riverz,STARTUP,0.85,RULE_BASED_CLEAN,2026-08-27T15:08:45.517871+00:00
Pr Puppets,Pr Puppets,STARTUP,0.85,RULE_BASED_CLEAN,2026-08-27T15:08:45.518092+00:00
Selfit,Selfit,STARTUP,0.85,RULE_BASED_CLEAN,2026-08-27T15:08:45.518304+00:00
Aiqtech,Aiqtech,STARTUP,0.85,RULE_BASED_CLEAN,2026-08-27T15:08:45.518514+00:00
Aisheets,Aisheets,STARTUP,0.85,RULE_BASED_CLEAN,2026-08-27T15:08:45.518724+00:00
Pkuwilliamyang,Pkuwilliamyang,STARTUP,0.85,RULE_BASED_CLEAN,2026-08-27T15:08:45.518935+00:00
Innova Ai,Innova,STARTUP,0.85,RULE_BASED_CLEAN,2026-08-27T15:08:45.519147+00:00
Skalskip,Skalskip,STARTUP,0.85,RULE_BASED_CLEAN,2026-08-27T15:08:45.519362+00:00
Radames,Radames,STARTUP,0.85,RULE_BASED_CLEAN,2026-08-27T15:08:45.519578+00:00
Lerobot,Lerobot,STARTUP,0.85,RULE_BASED_CLEAN,2026-08-27T15:08:45.519788+00:00
Elevenlabs,ElevenLabs,STARTUP,1.0,EXACT_SEED_MATCH,2026-08-27T15:08:45.519796+00:00
Franciszzj,Franciszzj,STARTUP,0.85,RULE_BASED_CLEAN,2026-08-27T15:08:45.520007+00:00
Gaia Benchmark,Gaia Benchmark,STARTUP,0.85,RULE_BASED_CLEAN,2026-08-27T15:08:45.520238+00:00
Yupengzhou,Yupengzhou,STARTUP,0.85,RULE_BASED_CLEAN,2026-08-27T15:08:45.520482+00:00
Diffusers,Diffusers,STARTUP,0.85,RULE_BASED_CLEAN,2026-08-27T15:08:45.520733+00:00
Plachta,Plachta,STARTUP,0.85,RULE_BASED_CLEAN,2026-08-27T15:08:45.520954+00:00
Artificialanalysis,Artificialanalysis,STARTUP,0.85,RULE_BASED_CLEAN,2026-08-27T15:08:45.521180+00:00
Arial311,Arial311,STARTUP,0.85,RULE_BASED_CLEAN,2026-08-27T15:08:45.521402+00:00
Recognito,Recognito,STARTUP,0.85,RULE_BASED_CLEAN,2026-08-27T15:08:45.521622+00:00
Darkstorm2150,Darkstorm2150,STARTUP,0.85,RULE_BASED_CLEAN,2026-08-27T15:08:45.521849+00:00
Darkc0De,Darkc0De,STARTUP,0.85,RULE_BASED_CLEAN,2026-08-27T15:08:45.522072+00:00
Optimum,Optimum,STARTUP,0.85,RULE_BASED_CLEAN,2026-08-27T15:08:45.522291+00:00
Sd Concepts Library,Sd Concepts Library,STARTUP,0.85,RULE_BASED_CLEAN,2026-08-27T15:08:45.522533+00:00
Upstage,Upstage,STARTUP,0.85,RULE_BASED_CLEAN,2026-08-27T15:08:45.522751+00:00
Liheyoung,Liheyoung,STARTUP,0.85,RULE_BASED_CLEAN,2026-08-27T15:08:45.522967+00:00
Webml Community,Webml Community,STARTUP,0.85,RULE_BASED_CLEAN,2026-08-27T15:08:45.523198+00:00
Wildvision,Wildvision,STARTUP,0.85,RULE_BASED_CLEAN,2026-08-27T15:08:45.523411+00:00
Jesse311,Jesse311,STARTUP,0.85,RULE_BASED_CLEAN,2026-08-27T15:08:45.523624+00:00
Miragic Ai,Miragic,STARTUP,0.85,RULE_BASED_CLEAN,2026-08-27T15:08:45.523838+00:00
Pliny The Prompter,Pliny The Prompter,STARTUP,0.85,RULE_BASED_CLEAN,2026-08-27T15:08:45.524068+00:00
Retwpay,Retwpay,STARTUP,0.85,RULE_BASED_CLEAN,2026-08-27T15:08:45.524281+00:00
Doevent,Doevent,STARTUP,0.85,RULE_BASED_CLEAN,2026-08-27T15:08:45.524496+00:00
Bilalsardar,Bilalsardar,STARTUP,0.85,RULE_BASED_CLEAN,2026-08-27T15:08:45.524707+00:00
Weshopai,Weshopai,STARTUP,0.85,RULE_BASED_CLEAN,2026-08-27T15:08:45.524918+00:00
Jiawei011,Jiawei011,STARTUP,0.85,RULE_BASED_CLEAN,2026-08-27T15:08:45.525138+00:00
Discord Community,Discord Community,STARTUP,0.85,RULE_BASED_CLEAN,2026-08-27T15:08:45.525362+00:00
Hidream Ai,Hidream,STARTUP,0.85,RULE_BASED_CLEAN,2026-08-27T15:08:45.525576+00:00
Alexnasa,Alexnasa,STARTUP,0.85,RULE_BASED_CLEAN,2026-08-27T15:08:45.525788+00:00
Carperai,Carperai,STARTUP,0.85,RULE_BASED_CLEAN,2026-08-27T15:08:45.526006+00:00
Nyxkrage,Nyxkrage,STARTUP,0.85,RULE_BASED_CLEAN,2026-08-27T15:08:45.526222+00:00
Strova Ai,Strova,STARTUP,0.85,RULE_BASED_CLEAN,2026-08-27T15:08:45.526450+00:00
Prs Eth,Prs Eth,STARTUP,0.85,RULE_BASED_CLEAN,2026-08-27T15:08:45.526689+00:00
Uwnlp,Uwnlp,STARTUP,0.85,RULE_BASED_CLEAN,2026-08-27T15:08:45.526913+00:00
Guoyww,Guoyww,STARTUP,0.85,RULE_BASED_CLEAN,2026-08-27T15:08:45.527134+00:00
Awacke1,Awacke1,STARTUP,0.85,RULE_BASED_CLEAN,2026-08-27T15:08:45.527367+00:00
Merterbak,Merterbak,STARTUP,0.85,RULE_BASED_CLEAN,2026-08-27T15:08:45.527596+00:00
Yuntian Deng,Yuntian Deng,STARTUP,0.85,RULE_BASED_CLEAN,2026-08-27T15:08:45.527832+00:00
Stevengrove,Stevengrove,STARTUP,0.85,RULE_BASED_CLEAN,2026-08-27T15:08:45.528048+00:00
Pendrokar,Pendrokar,STARTUP,0.85,RULE_BASED_CLEAN,2026-08-27T15:08:45.528267+00:00
Kadirnar,Kadirnar,STARTUP,0.85,RULE_BASED_CLEAN,2026-08-27T15:08:45.528494+00:00
Linaqruf,Linaqruf,STARTUP,0.85,RULE_BASED_CLEAN,2026-08-27T15:08:45.528717+00:00
Eccv2022,Eccv2022,STARTUP,0.85,RULE_BASED_CLEAN,2026-08-27T15:08:45.528933+00:00
Shi Labs,Shi,STARTUP,0.85,RULE_BASED_CLEAN,2026-08-27T15:08:45.529150+00:00
Flamehaze1115,Flamehaze1115,STARTUP,0.85,RULE_BASED_CLEAN,2026-08-27T15:08:45.529372+00:00
Editing Images,Editing Images,STARTUP,0.85,RULE_BASED_CLEAN,2026-08-27T15:08:45.529604+00:00
Artificialguybr,Artificialguybr,STARTUP,0.85,RULE_BASED_CLEAN,2026-08-27T15:08:45.529824+00:00
Oaoa,Oaoa,STARTUP,0.85,RULE_BASED_CLEAN,2026-08-27T15:08:45.530039+00:00
Reach Vb,Reach Vb,STARTUP,0.85,RULE_BASED_CLEAN,2026-08-27T15:08:45.530263+00:00
Trudy,Trudy,STARTUP,0.85,RULE_BASED_CLEAN,2026-08-27T15:08:45.530478+00:00
M3St3Rj4K3L,M3St3Rj4K3L,STARTUP,0.85,RULE_BASED_CLEAN,2026-08-27T15:08:45.530696+00:00
Okaris,Okaris,STARTUP,0.85,RULE_BASED_CLEAN,2026-08-27T15:08:45.530913+00:00
Lamm Mit,Lamm Mit,STARTUP,0.85,RULE_BASED_CLEAN,2026-08-27T15:08:45.531136+00:00
Nielsr,Nielsr,STARTUP,0.85,RULE_BASED_CLEAN,2026-08-27T15:08:45.531349+00:00
Shopify,Shopify,STARTUP,0.85,RULE_BASED_CLEAN,2026-08-27T15:08:45.531560+00:00
Ginigen,Ginigen,STARTUP,0.85,RULE_BASED_CLEAN,2026-08-27T15:08:45.531774+00:00
Deddytoyota,Deddytoyota,STARTUP,0.85,RULE_BASED_CLEAN,2026-08-27T15:08:45.531991+00:00
Galileo Ai,Galileo,STARTUP,0.85,RULE_BASED_CLEAN,2026-08-27T15:08:45.532207+00:00
Khang119966,Khang119966,STARTUP,0.85,RULE_BASED_CLEAN,2026-08-27T15:08:45.532438+00:00
Thomassimonini,Thomassimonini,STARTUP,0.85,RULE_BASED_CLEAN,2026-08-27T15:08:45.532702+00:00
Omnigen2,Omnigen2,STARTUP,0.85,RULE_BASED_CLEAN,2026-08-27T15:08:45.532926+00:00
Tloen,Tloen,STARTUP,0.85,RULE_BASED_CLEAN,2026-08-27T15:08:45.533142+00:00
Arkandash,Arkandash,STARTUP,0.85,RULE_BASED_CLEAN,2026-08-27T15:08:45.533359+00:00
Hpcai Tech,Hpcai Tech,STARTUP,0.85,RULE_BASED_CLEAN,2026-08-27T15:08:45.533585+00:00
Abdul9999,Abdul9999,STARTUP,0.85,RULE_BASED_CLEAN,2026-08-27T15:08:45.533801+00:00
Nech C,Nech C,STARTUP,0.85,RULE_BASED_CLEAN,2026-08-27T15:08:45.534027+00:00
Gunship999,Gunship999,STARTUP,0.85,RULE_BASED_CLEAN,2026-08-27T15:08:45.534243+00:00
Anonymous Sub,Anonymous Sub,STARTUP,0.85,RULE_BASED_CLEAN,2026-08-27T15:08:45.534467+00:00
Openlifescienceai,Openlifescienceai,STARTUP,0.85,RULE_BASED_CLEAN,2026-08-27T15:08:45.534683+00:00
Qingxu98,Qingxu98,STARTUP,0.85,RULE_BASED_CLEAN,2026-08-27T15:08:45.534894+00:00
Kakaobrain,Kakaobrain,STARTUP,0.85,RULE_BASED_CLEAN,2026-08-27T15:08:45.535110+00:00
Wushuang98,Wushuang98,STARTUP,0.85,RULE_BASED_CLEAN,2026-08-27T15:08:45.535327+00:00
Badayvedat,Badayvedat,STARTUP,0.85,RULE_BASED_CLEAN,2026-08-27T15:08:45.535538+00:00
Ydshieh,Ydshieh,STARTUP,0.85,RULE_BASED_CLEAN,2026-08-27T15:08:45.535754+00:00
Daspartho,Daspartho,STARTUP,0.85,RULE_BASED_CLEAN,2026-08-27T15:08:45.535965+00:00
Efficient Large Model,Efficient Large Model,STARTUP,0.85,RULE_BASED_CLEAN,2026-08-27T15:08:45.536198+00:00
Clebersla,Clebersla,STARTUP,0.85,RULE_BASED_CLEAN,2026-08-27T15:08:45.536485+00:00
Yuliang,Yuliang,STARTUP,0.85,RULE_BASED_CLEAN,2026-08-27T15:08:45.536726+00:00
Steveeeeeeen,Steveeeeeeen,STARTUP,0.85,RULE_BASED_CLEAN,2026-08-27T15:08:45.536943+00:00
Jeffistyping,Jeffistyping,STARTUP,0.85,RULE_BASED_CLEAN,2026-08-27T15:08:45.537153+00:00
Stevedigital,Stevedigital,STARTUP,0.85,RULE_BASED_CLEAN,2026-08-27T15:08:45.537371+00:00
One 2 3 45,One 2 3 45,STARTUP,0.85,RULE_BASED_CLEAN,2026-08-27T15:08:45.537616+00:00
3D Arena,3D Arena,STARTUP,0.85,RULE_BASED_CLEAN,2026-08-27T15:08:45.537840+00:00
Leesanghoon,Leesanghoon,STARTUP,0.85,RULE_BASED_CLEAN,2026-08-27T15:08:45.538052+00:00
Malcolmrey,Malcolmrey,STARTUP,0.85,RULE_BASED_CLEAN,2026-08-27T15:08:45.538262+00:00
Smola,Smola,STARTUP,0.85,RULE_BASED_CLEAN,2026-08-27T15:08:45.538491+00:00
Neuralfalcon,Neuralfalcon,STARTUP,0.85,RULE_BASED_CLEAN,2026-08-27T15:08:45.538722+00:00
Yizhangliu,Yizhangliu,STARTUP,0.85,RULE_BASED_CLEAN,2026-08-27T15:08:45.538930+00:00
Warp Ai,Warp,STARTUP,0.85,RULE_BASED_CLEAN,2026-08-27T15:08:45.539141+00:00
Cvachet,Cvachet,STARTUP,0.85,RULE_BASED_CLEAN,2026-08-27T15:08:45.539351+00:00
Pair,Pair,STARTUP,0.85,RULE_BASED_CLEAN,2026-08-27T15:08:45.539564+00:00
Nymbo,Nymbo,STARTUP,0.85,RULE_BASED_CLEAN,2026-08-27T15:08:45.539777+00:00
Collabora,Collabora,STARTUP,0.85,RULE_BASED_CLEAN,2026-08-27T15:08:45.539988+00:00
Project Baize,Project Baize,STARTUP,0.85,RULE_BASED_CLEAN,2026-08-27T15:08:45.540208+00:00
Opparco,Opparco,STARTUP,0.85,RULE_BASED_CLEAN,2026-08-27T15:08:45.540424+00:00
Surn,Surn,STARTUP,0.85,RULE_BASED_CLEAN,2026-08-27T15:08:45.540640+00:00
Wwen1997,Wwen1997,STARTUP,0.85,RULE_BASED_CLEAN,2026-08-27T15:08:45.540852+00:00
Aadnk,Aadnk,STARTUP,0.85,RULE_BASED_CLEAN,2026-08-27T15:08:45.541062+00:00
Terrariyum,Terrariyum,STARTUP,0.85,RULE_BASED_CLEAN,2026-08-27T15:08:45.541281+00:00
3Daigc,3Daigc,STARTUP,0.85,RULE_BASED_CLEAN,2026-08-27T15:08:45.541496+00:00
Amirgame197,Amirgame197,STARTUP,0.85,RULE_BASED_CLEAN,2026-08-27T15:08:45.541711+00:00
Ozzygt,Ozzygt,STARTUP,0.85,RULE_BASED_CLEAN,2026-08-27T15:08:45.541923+00:00
Mikeee,Mikeee,STARTUP,0.85,RULE_BASED_CLEAN,2026-08-27T15:08:45.542138+00:00
Hesamation,Hesamation,STARTUP,0.85,RULE_BASED_CLEAN,2026-08-27T15:08:45.542352+00:00
Itsmarco G,Itsmarco G,STARTUP,0.85,RULE_BASED_CLEAN,2026-08-27T15:08:45.542577+00:00
Vchitect,Vchitect,STARTUP,0.85,RULE_BASED_CLEAN,2026-08-27T15:08:45.542792+00:00
Phips,Phips,STARTUP,0.85,RULE_BASED_CLEAN,2026-08-27T15:08:45.543009+00:00
Wangfuyun,Wangfuyun,STARTUP,0.85,RULE_BASED_CLEAN,2026-08-27T15:08:45.543224+00:00
Openevals,Openevals,STARTUP,0.85,RULE_BASED_CLEAN,2026-08-27T15:08:45.543437+00:00
K Mktr,K Mktr,STARTUP,0.85,RULE_BASED_CLEAN,2026-08-27T15:08:45.543672+00:00
H Liu1997,H Liu1997,STARTUP,0.85,RULE_BASED_CLEAN,2026-08-27T15:08:45.543900+00:00
Simianluo,Simianluo,STARTUP,0.85,RULE_BASED_CLEAN,2026-08-27T15:08:45.544110+00:00
Pixart Alpha,Pixart Alpha,STARTUP,0.85,RULE_BASED_CLEAN,2026-08-27T15:08:45.544339+00:00
Aisudo,Aisudo,STARTUP,0.85,RULE_BASED_CLEAN,2026-08-27T15:08:45.544567+00:00
Jallenjia,Jallenjia,STARTUP,0.85,RULE_BASED_CLEAN,2026-08-27T15:08:45.544782+00:00
Flax Community,Flax Community,STARTUP,0.85,RULE_BASED_CLEAN,2026-08-27T15:08:45.545003+00:00
01 Ai,01,STARTUP,0.85,RULE_BASED_CLEAN,2026-08-27T15:08:45.545208+00:00
Gimbx,Gimbx,STARTUP,0.85,RULE_BASED_CLEAN,2026-08-27T15:08:45.545416+00:00
Dzkaka,Dzkaka,STARTUP,0.85,RULE_BASED_CLEAN,2026-08-27T15:08:45.545627+00:00
Olivierdehaene,Olivierdehaene,STARTUP,0.85,RULE_BASED_CLEAN,2026-08-27T15:08:45.545842+00:00
Polaroidresearch,Polaroidresearch,STARTUP,0.85,RULE_BASED_CLEAN,2026-08-27T15:08:45.546053+00:00
Lynote,Lynote,STARTUP,0.85,RULE_BASED_CLEAN,2026-08-27T15:08:45.546262+00:00
Kevinwang676,Kevinwang676,STARTUP,0.85,RULE_BASED_CLEAN,2026-08-27T15:08:45.546472+00:00
Openfree,Openfree,STARTUP,0.85,RULE_BASED_CLEAN,2026-08-27T15:08:45.546684+00:00
Marcop,Marcop,STARTUP,0.85,RULE_BASED_CLEAN,2026-08-27T15:08:45.546896+00:00
Abidlabs,Abidlabs,STARTUP,0.85,RULE_BASED_CLEAN,2026-08-27T15:08:45.547105+00:00
Tsujuifu,Tsujuifu,STARTUP,0.85,RULE_BASED_CLEAN,2026-08-27T15:08:45.547313+00:00
Mistral Ai Game Jam,Mistral Game Jam,STARTUP,0.85,RULE_BASED_CLEAN,2026-08-27T15:08:45.547536+00:00
Hilamanor,Hilamanor,STARTUP,0.85,RULE_BASED_CLEAN,2026-08-27T15:08:45.547750+00:00
Fantaxy,Fantaxy,STARTUP,0.85,RULE_BASED_CLEAN,2026-08-27T15:08:45.547959+00:00
Dvruette,Dvruette,STARTUP,0.85,RULE_BASED_CLEAN,2026-08-27T15:08:45.548164+00:00
Ashawkey,Ashawkey,STARTUP,0.85,RULE_BASED_CLEAN,2026-08-27T15:08:45.548369+00:00
Techfreakworm,Techfreakworm,STARTUP,0.85,RULE_BASED_CLEAN,2026-08-27T15:08:45.548574+00:00
Declare Lab,Declare Lab,STARTUP,0.85,RULE_BASED_CLEAN,2026-08-27T15:08:45.548793+00:00
Drewthomasson,Drewthomasson,STARTUP,0.85,RULE_BASED_CLEAN,2026-08-27T15:08:45.549003+00:00
Ath Maas,Ath Maas,STARTUP,0.85,RULE_BASED_CLEAN,2026-08-27T15:08:45.549219+00:00
Lisonallen,Lisonallen,STARTUP,0.85,RULE_BASED_CLEAN,2026-08-27T15:08:45.549428+00:00
Funaudiollm,Funaudiollm,STARTUP,0.85,RULE_BASED_CLEAN,2026-08-27T15:08:45.549644+00:00
Neuphonic,Neuphonic,STARTUP,0.85,RULE_BASED_CLEAN,2026-08-27T15:08:45.549855+00:00
Segmind,Segmind,STARTUP,0.85,RULE_BASED_CLEAN,2026-08-27T15:08:45.550067+00:00
Xinyu1205,Xinyu1205,STARTUP,0.85,RULE_BASED_CLEAN,2026-08-27T15:08:45.550277+00:00
Manmay,Manmay,STARTUP,0.85,RULE_BASED_CLEAN,2026-08-27T15:08:45.550492+00:00
Jupyter Agent,Jupyter Agent,STARTUP,0.85,RULE_BASED_CLEAN,2026-08-27T15:08:45.550714+00:00
Srinivasbilla,Srinivasbilla,STARTUP,0.85,RULE_BASED_CLEAN,2026-08-27T15:08:45.550929+00:00
Big Vision,Big Vision,STARTUP,0.85,RULE_BASED_CLEAN,2026-08-27T15:08:45.551149+00:00
Tori29Umai,Tori29Umai,STARTUP,0.85,RULE_BASED_CLEAN,2026-08-27T15:08:45.551359+00:00
Ohayonguy,Ohayonguy,STARTUP,0.85,RULE_BASED_CLEAN,2026-08-27T15:08:45.551566+00:00
Lora Library,Lora Library,STARTUP,0.85,RULE_BASED_CLEAN,2026-08-27T15:08:45.551786+00:00
Cvlab,Cvlab,STARTUP,0.85,RULE_BASED_CLEAN,2026-08-27T15:08:45.551995+00:00
Remsky,Remsky,STARTUP,0.85,RULE_BASED_CLEAN,2026-08-27T15:08:45.552206+00:00
Yntec,Yntec,STARTUP,0.85,RULE_BASED_CLEAN,2026-08-27T15:08:45.552416+00:00
John6666,John6666,STARTUP,0.85,RULE_BASED_CLEAN,2026-08-27T15:08:45.552627+00:00
Kby Ai,Kby,STARTUP,0.85,RULE_BASED_CLEAN,2026-08-27T15:08:45.552837+00:00
Adept,Adept AI,STARTUP,1.0,EXACT_SEED_MATCH,2026-08-27T15:08:45.552845+00:00
Menyu,Menyu,STARTUP,0.85,RULE_BASED_CLEAN,2026-08-27T15:08:45.553051+00:00
Zhengyi,Zhengyi,STARTUP,0.85,RULE_BASED_CLEAN,2026-08-27T15:08:45.553263+00:00
Armen425221356,Armen425221356,STARTUP,0.85,RULE_BASED_CLEAN,2026-08-27T15:08:45.553486+00:00
Lenml,Lenml,STARTUP,0.85,RULE_BASED_CLEAN,2026-08-27T15:08:45.553691+00:00
Onise,Onise,STARTUP,0.85,RULE_BASED_CLEAN,2026-08-27T15:08:45.553899+00:00
Signsur4739379373,Signsur4739379373,STARTUP,0.85,RULE_BASED_CLEAN,2026-08-27T15:08:45.554111+00:00
Tiger Lab,Tiger Lab,STARTUP,0.85,RULE_BASED_CLEAN,2026-08-27T15:08:45.554332+00:00
Kontext Community,Kontext Community,STARTUP,0.85,RULE_BASED_CLEAN,2026-08-27T15:08:45.554549+00:00
Impira,Impira,STARTUP,0.85,RULE_BASED_CLEAN,2026-08-27T15:08:45.554761+00:00
Infinite Dataset Hub,Infinite Dataset Hub,STARTUP,0.85,RULE_BASED_CLEAN,2026-08-27T15:08:45.554993+00:00
Zhenggeng,Zhenggeng,STARTUP,0.85,RULE_BASED_CLEAN,2026-08-27T15:08:45.555204+00:00
Arcee Ai,Arcee,STARTUP,0.85,RULE_BASED_CLEAN,2026-08-27T15:08:45.555422+00:00
Aigc Audio,Aigc Audio,STARTUP,0.85,RULE_BASED_CLEAN,2026-08-27T15:08:45.555873+00:00
Zumjoy,Zumjoy,STARTUP,0.85,RULE_BASED_CLEAN,2026-08-27T15:08:45.556225+00:00
Sudo Ai,Sudo,STARTUP,0.85,RULE_BASED_CLEAN,2026-08-27T15:08:45.556584+00:00
Aryadytm,Aryadytm,STARTUP,0.85,RULE_BASED_CLEAN,2026-08-27T15:08:45.556941+00:00
Ameerazam08,Ameerazam08,STARTUP,0.85,RULE_BASED_CLEAN,2026-08-27T15:08:45.557289+00:00
Latentexplorers,Latentexplorers,STARTUP,0.85,RULE_BASED_CLEAN,2026-08-27T15:08:45.557642+00:00
Ardha27,Ardha27,STARTUP,0.85,RULE_BASED_CLEAN,2026-08-27T15:08:45.557993+00:00
Burtenshaw,Burtenshaw,STARTUP,0.85,RULE_BASED_CLEAN,2026-08-27T15:08:45.558337+00:00
Boyuanjiang,Boyuanjiang,STARTUP,0.85,RULE_BASED_CLEAN,2026-08-27T15:08:45.558709+00:00
Videocrafter,Videocrafter,STARTUP,0.85,RULE_BASED_CLEAN,2026-08-27T15:08:45.559062+00:00
Songweig,Songweig,STARTUP,0.85,RULE_BASED_CLEAN,2026-08-27T15:08:45.559410+00:00
Mms Meta,Mms Meta,STARTUP,0.85,RULE_BASED_CLEAN,2026-08-27T15:08:45.559772+00:00
Opensound,Opensound,STARTUP,0.85,RULE_BASED_CLEAN,2026-08-27T15:08:45.560106+00:00
Alibabasglab,Alibabasglab,STARTUP,0.85,RULE_BASED_CLEAN,2026-08-27T15:08:45.560439+00:00
Sambanovasystems,SambaNova Systems,STARTUP,0.97,FUZZY_RATIO_MATCH,2026-08-27T15:08:45.560797+00:00
Baoyin2024,Baoyin2024,STARTUP,0.85,RULE_BASED_CLEAN,2026-08-27T15:08:45.561193+00:00
Philschmid,Philschmid,STARTUP,0.85,RULE_BASED_CLEAN,2026-08-27T15:08:45.561582+00:00
Ganymedenil,Ganymedenil,STARTUP,0.85,RULE_BASED_CLEAN,2026-08-27T15:08:45.561958+00:00
Ki Seki,Ki Seki,STARTUP,0.85,RULE_BASED_CLEAN,2026-08-27T15:08:45.562210+00:00
Seawolf2357,Seawolf2357,STARTUP,0.85,RULE_BASED_CLEAN,2026-08-27T15:08:45.562419+00:00
Vidraft,Vidraft,STARTUP,0.85,RULE_BASED_CLEAN,2026-08-27T15:08:45.562642+00:00
Safetensors,Safetensors,STARTUP,0.85,RULE_BASED_CLEAN,2026-08-27T15:08:45.562859+00:00
Fabrice Tiercelin,Fabrice Tiercelin,STARTUP,0.85,RULE_BASED_CLEAN,2026-08-27T15:08:45.563075+00:00
Supertone,Supertone,STARTUP,0.85,RULE_BASED_CLEAN,2026-08-27T15:08:45.563283+00:00
Jasfn,Jasfn,STARTUP,0.85,RULE_BASED_CLEAN,2026-08-27T15:08:45.563490+00:00
Amphion,Amphion,STARTUP,0.85,RULE_BASED_CLEAN,2026-08-27T15:08:45.563698+00:00
Littlefrog,Littlefrog,STARTUP,0.85,RULE_BASED_CLEAN,2026-08-27T15:08:45.563902+00:00
Featherless Ai,Featherless,STARTUP,0.85,RULE_BASED_CLEAN,2026-08-27T15:08:45.564107+00:00
Umint,Umint,STARTUP,0.85,RULE_BASED_CLEAN,2026-08-27T15:08:45.564310+00:00
Markmagic,Markmagic,STARTUP,0.85,RULE_BASED_CLEAN,2026-08-27T15:08:45.564517+00:00
Codeparrot,Codeparrot,STARTUP,0.85,RULE_BASED_CLEAN,2026-08-27T15:08:45.564723+00:00
Ml6Team,Ml6Team,STARTUP,0.85,RULE_BASED_CLEAN,2026-08-27T15:08:45.564930+00:00
Spacesexamples,Spacesexamples,STARTUP,0.85,RULE_BASED_CLEAN,2026-08-27T15:08:45.565137+00:00
Miniailive,Miniailive,STARTUP,0.85,RULE_BASED_CLEAN,2026-08-27T15:08:45.565340+00:00
Mohamedrashad,Mohamedrashad,STARTUP,0.85,RULE_BASED_CLEAN,2026-08-27T15:08:45.565550+00:00
Aliabid94,Aliabid94,STARTUP,0.85,RULE_BASED_CLEAN,2026-08-27T15:08:45.565756+00:00
Dorumon,Dorumon,STARTUP,0.85,RULE_BASED_CLEAN,2026-08-27T15:08:45.565958+00:00
Wileewang,Wileewang,STARTUP,0.85,RULE_BASED_CLEAN,2026-08-27T15:08:45.566164+00:00
Ideogram Ai,Ideogram,STARTUP,0.85,RULE_BASED_CLEAN,2026-08-27T15:08:45.566372+00:00
Fireredteam,Fireredteam,STARTUP,0.85,RULE_BASED_CLEAN,2026-08-27T15:08:45.566576+00:00
Lj1995,Lj1995,STARTUP,0.85,RULE_BASED_CLEAN,2026-08-27T15:08:45.566830+00:00
Baconnier,Baconnier,STARTUP,0.85,RULE_BASED_CLEAN,2026-08-27T15:08:45.567065+00:00
Fantos,Fantos,STARTUP,0.85,RULE_BASED_CLEAN,2026-08-27T15:08:45.567273+00:00
Friuns,Friuns,STARTUP,0.85,RULE_BASED_CLEAN,2026-08-27T15:08:45.567478+00:00
Eduagarcia,Eduagarcia,STARTUP,0.85,RULE_BASED_CLEAN,2026-08-27T15:08:45.567684+00:00
Flux9665,Flux9665,STARTUP,0.85,RULE_BASED_CLEAN,2026-08-27T15:08:45.567892+00:00
Tencent Hunyuan,Tencent Hunyuan,STARTUP,0.85,RULE_BASED_CLEAN,2026-08-27T15:08:45.568115+00:00
Nroggendorff,Nroggendorff,STARTUP,0.85,RULE_BASED_CLEAN,2026-08-27T15:08:45.568339+00:00
Takarajordan,Takarajordan,STARTUP,0.85,RULE_BASED_CLEAN,2026-08-27T15:08:45.568561+00:00
Boobyboobs,Boobyboobs,STARTUP,0.85,RULE_BASED_CLEAN,2026-08-27T15:08:45.568796+00:00
Tzktz,Tzktz,STARTUP,0.85,RULE_BASED_CLEAN,2026-08-27T15:08:45.569032+00:00
Showlab,Showlab,STARTUP,0.85,RULE_BASED_CLEAN,2026-08-27T15:08:45.569241+00:00
Peiqingyang,Peiqingyang,STARTUP,0.85,RULE_BASED_CLEAN,2026-08-27T15:08:45.569461+00:00
Kdrkdrkdr,Kdrkdrkdr,STARTUP,0.85,RULE_BASED_CLEAN,2026-08-27T15:08:45.569672+00:00
Fingpt,Fingpt,STARTUP,0.85,RULE_BASED_CLEAN,2026-08-27T15:08:45.569878+00:00
Frogleo,Frogleo,STARTUP,0.85,RULE_BASED_CLEAN,2026-08-27T15:08:45.570082+00:00
Anycoderapps,Anycoderapps,STARTUP,0.85,RULE_BASED_CLEAN,2026-08-27T15:08:45.570290+00:00
Roubaofeipi,Roubaofeipi,STARTUP,0.85,RULE_BASED_CLEAN,2026-08-27T15:08:45.570496+00:00
Microsoft Cognitive Service,Microsoft Cognitive Service,STARTUP,0.85,RULE_BASED_CLEAN,2026-08-27T15:08:45.570722+00:00
Cbensimon,Cbensimon,STARTUP,0.85,RULE_BASED_CLEAN,2026-08-27T15:08:45.570929+00:00
An 619,An 619,STARTUP,0.85,RULE_BASED_CLEAN,2026-08-27T15:08:45.571144+00:00
Languagebind,Languagebind,STARTUP,0.85,RULE_BASED_CLEAN,2026-08-27T15:08:45.571346+00:00
Ngxson,Ngxson,STARTUP,0.85,RULE_BASED_CLEAN,2026-08-27T15:08:45.571550+00:00
Saravutw,Saravutw,STARTUP,0.85,RULE_BASED_CLEAN,2026-08-27T15:08:45.571756+00:00
Mandar100,Mandar100,STARTUP,0.85,RULE_BASED_CLEAN,2026-08-27T15:08:45.571964+00:00
Mobvoi,Mobvoi,STARTUP,0.85,RULE_BASED_CLEAN,2026-08-27T15:08:45.572165+00:00
Pramallc,Pramallc,STARTUP,0.85,RULE_BASED_CLEAN,2026-08-27T15:08:45.572373+00:00
Maziyarpanahi,Maziyarpanahi,STARTUP,0.85,RULE_BASED_CLEAN,2026-08-27T15:08:45.572579+00:00
Adithyask,Adithyask,STARTUP,0.85,RULE_BASED_CLEAN,2026-08-27T15:08:45.572783+00:00
Alsv,Alsv,STARTUP,0.85,RULE_BASED_CLEAN,2026-08-27T15:08:45.572989+00:00
Mindee,Mindee,STARTUP,0.85,RULE_BASED_CLEAN,2026-08-27T15:08:45.573195+00:00
Kenjiedec,Kenjiedec,STARTUP,0.85,RULE_BASED_CLEAN,2026-08-27T15:08:45.573398+00:00
Krea,Krea,STARTUP,0.85,RULE_BASED_CLEAN,2026-08-27T15:08:45.573602+00:00
Obsxrver,Obsxrver,STARTUP,0.85,RULE_BASED_CLEAN,2026-08-27T15:08:45.573804+00:00
Echo840,Echo840,STARTUP,0.85,RULE_BASED_CLEAN,2026-08-27T15:08:45.574008+00:00
Hakurei,Hakurei,STARTUP,0.85,RULE_BASED_CLEAN,2026-08-27T15:08:45.574209+00:00
Rahul7Star,Rahul7Star,STARTUP,0.85,RULE_BASED_CLEAN,2026-08-27T15:08:45.574419+00:00
Audio Agi,Audio Agi,STARTUP,0.85,RULE_BASED_CLEAN,2026-08-27T15:08:45.574632+00:00
Matthijs,Matthijs,STARTUP,0.85,RULE_BASED_CLEAN,2026-08-27T15:08:45.574851+00:00
Mkrzyzan,Mkrzyzan,STARTUP,0.85,RULE_BASED_CLEAN,2026-08-27T15:08:45.575068+00:00
Semantictypography,Semantictypography,STARTUP,0.85,RULE_BASED_CLEAN,2026-08-27T15:08:45.575272+00:00
Ibarakidouji,Ibarakidouji,STARTUP,0.85,RULE_BASED_CLEAN,2026-08-27T15:08:45.575475+00:00
Icml 2026 Agent Repro,Icml 2026 Agent Repro,STARTUP,0.85,RULE_BASED_CLEAN,2026-08-27T15:08:45.575708+00:00
Hiyouga,Hiyouga,STARTUP,0.85,RULE_BASED_CLEAN,2026-08-27T15:08:45.575916+00:00
Zhengchong,Zhengchong,STARTUP,0.85,RULE_BASED_CLEAN,2026-08-27T15:08:45.576121+00:00
Autotrain Projects,Autotrain Projects,STARTUP,0.85,RULE_BASED_CLEAN,2026-08-27T15:08:45.576340+00:00
Pytorch,Pytorch,STARTUP,0.85,RULE_BASED_CLEAN,2026-08-27T15:08:45.576547+00:00
Yiren98,Yiren98,STARTUP,0.85,RULE_BASED_CLEAN,2026-08-27T15:08:45.576750+00:00
Jadechoghari,Jadechoghari,STARTUP,0.85,RULE_BASED_CLEAN,2026-08-27T15:08:45.576955+00:00
Trl Lib,Trl Lib,STARTUP,0.85,RULE_BASED_CLEAN,2026-08-27T15:08:45.577169+00:00
Marcosv,Marcosv,STARTUP,0.85,RULE_BASED_CLEAN,2026-08-27T15:08:45.577369+00:00
Theeeeelin,Theeeeelin,STARTUP,0.85,RULE_BASED_CLEAN,2026-08-27T15:08:45.577574+00:00
Theseanlavery,Theseanlavery,STARTUP,0.85,RULE_BASED_CLEAN,2026-08-27T15:08:45.577780+00:00
Vidore,Vidore,STARTUP,0.85,RULE_BASED_CLEAN,2026-08-27T15:08:45.577982+00:00
Togethercomputer,Togethercomputer,STARTUP,0.85,RULE_BASED_CLEAN,2026-08-27T15:08:45.578185+00:00
Scepter Studio,Scepter Studio,STARTUP,0.85,RULE_BASED_CLEAN,2026-08-27T15:08:45.578401+00:00
Ronvolutional,Ronvolutional,STARTUP,0.85,RULE_BASED_CLEAN,2026-08-27T15:08:45.578602+00:00
Batuhanyilmaz,Batuhanyilmaz,STARTUP,0.85,RULE_BASED_CLEAN,2026-08-27T15:08:45.578804+00:00
Xichenhku,Xichenhku,STARTUP,0.85,RULE_BASED_CLEAN,2026-08-27T15:08:45.579008+00:00
D10G,D10G,STARTUP,0.85,RULE_BASED_CLEAN,2026-08-27T15:08:45.579211+00:00
Tomofi,Tomofi,STARTUP,0.85,RULE_BASED_CLEAN,2026-08-27T15:08:45.579416+00:00
Gparmar,Gparmar,STARTUP,0.85,RULE_BASED_CLEAN,2026-08-27T15:08:45.579618+00:00
Conradlocke,Conradlocke,STARTUP,0.85,RULE_BASED_CLEAN,2026-08-27T15:08:45.579825+00:00
Cin Model,Cin Model,STARTUP,0.85,RULE_BASED_CLEAN,2026-08-27T15:08:45.580044+00:00
Faceplugin Ltd,Faceplugin,STARTUP,0.85,RULE_BASED_CLEAN,2026-08-27T15:08:45.580253+00:00
Maxin Cn,Maxin Cn,STARTUP,0.85,RULE_BASED_CLEAN,2026-08-27T15:08:45.580469+00:00
Agents Mcp Hackathon,Agents Mcp Hackathon,STARTUP,0.85,RULE_BASED_CLEAN,2026-08-27T15:08:45.580693+00:00
Deepghs,Deepghs,STARTUP,0.85,RULE_BASED_CLEAN,2026-08-27T15:08:45.580916+00:00
Lmsys,Lmsys,STARTUP,0.85,RULE_BASED_CLEAN,2026-08-27T15:08:45.581214+00:00
Zjyang,Zjyang,STARTUP,0.85,RULE_BASED_CLEAN,2026-08-27T15:08:45.581419+00:00
Epfl Vilab,Epfl Vilab,STARTUP,0.85,RULE_BASED_CLEAN,2026-08-27T15:08:45.581631+00:00
Huggingfacejs,Hugging Face,STARTUP,0.88,FUZZY_RATIO_MATCH,2026-08-27T15:08:45.581845+00:00
Unesco,Unesco,STARTUP,0.85,RULE_BASED_CLEAN,2026-08-27T15:08:45.582046+00:00
Dn6,Dn6,STARTUP,0.85,RULE_BASED_CLEAN,2026-08-27T15:08:45.582249+00:00
Vectara,Vectara,STARTUP,0.85,RULE_BASED_CLEAN,2026-08-27T15:08:45.582449+00:00
Skywork,Skywork,STARTUP,0.85,RULE_BASED_CLEAN,2026-08-27T15:08:45.582650+00:00
Carolineec,Carolineec,STARTUP,0.85,RULE_BASED_CLEAN,2026-08-27T15:08:45.582856+00:00
Nick088,Nick088,STARTUP,0.85,RULE_BASED_CLEAN,2026-08-27T15:08:45.583061+00:00
Hedro,Hedro,STARTUP,0.85,RULE_BASED_CLEAN,2026-08-27T15:08:45.583270+00:00
Loveseries,Loveseries,STARTUP,0.85,RULE_BASED_CLEAN,2026-08-27T15:08:45.583485+00:00
Manjushri,Manjushri,STARTUP,0.85,RULE_BASED_CLEAN,2026-08-27T15:08:45.583692+00:00
Librarian Bots,Librarian Bots,STARTUP,0.85,RULE_BASED_CLEAN,2026-08-27T15:08:45.583911+00:00
Ai4Bharat,Ai4Bharat,STARTUP,0.85,RULE_BASED_CLEAN,2026-08-27T15:08:45.584122+00:00
Overhead520,Overhead520,STARTUP,0.85,RULE_BASED_CLEAN,2026-08-27T15:08:45.584329+00:00
Hwchase17,Hwchase17,STARTUP,0.85,RULE_BASED_CLEAN,2026-08-27T15:08:45.584542+00:00
Bishmoy,Bishmoy,STARTUP,0.85,RULE_BASED_CLEAN,2026-08-27T15:08:45.584763+00:00
Aiqcamp,Aiqcamp,STARTUP,0.85,RULE_BASED_CLEAN,2026-08-27T15:08:45.584981+00:00
Eduardzamfir,Eduardzamfir,STARTUP,0.85,RULE_BASED_CLEAN,2026-08-27T15:08:45.585204+00:00
Alexander00001,Alexander00001,STARTUP,0.85,RULE_BASED_CLEAN,2026-08-27T15:08:45.585433+00:00
Shootstuff,Shootstuff,STARTUP,0.85,RULE_BASED_CLEAN,2026-08-27T15:08:45.585648+00:00
Wyysf,Wyysf,STARTUP,0.85,RULE_BASED_CLEAN,2026-08-27T15:08:45.585871+00:00
Primecai,Primecai,STARTUP,0.85,RULE_BASED_CLEAN,2026-08-27T15:08:45.586098+00:00
Roboflow,Roboflow,STARTUP,0.85,RULE_BASED_CLEAN,2026-08-27T15:08:45.586309+00:00
Ai Forever,Forever,STARTUP,0.85,RULE_BASED_CLEAN,2026-08-27T15:08:45.586535+00:00
Mfidabel,Mfidabel,STARTUP,0.85,RULE_BASED_CLEAN,2026-08-27T15:08:45.586768+00:00
Damo Nlp Sg,Damo Nlp Sg,STARTUP,0.85,RULE_BASED_CLEAN,2026-08-27T15:08:45.587005+00:00
Latent Consistency,Latent Consistency,STARTUP,0.85,RULE_BASED_CLEAN,2026-08-27T15:08:45.587220+00:00
Pragnakalp,Pragnakalp,STARTUP,0.85,RULE_BASED_CLEAN,2026-08-27T15:08:45.587422+00:00
Ikechan8370,Ikechan8370,STARTUP,0.85,RULE_BASED_CLEAN,2026-08-27T15:08:45.587627+00:00
Jofthomas,Jofthomas,STARTUP,0.85,RULE_BASED_CLEAN,2026-08-27T15:08:45.587834+00:00
Manavisrani07,Manavisrani07,STARTUP,0.85,RULE_BASED_CLEAN,2026-08-27T15:08:45.588036+00:00
Philipp Zettl,Philipp Zettl,STARTUP,0.85,RULE_BASED_CLEAN,2026-08-27T15:08:45.588252+00:00
Realcat,Realcat,STARTUP,0.85,RULE_BASED_CLEAN,2026-08-27T15:08:45.588456+00:00
Jackismyshephard,Jackismyshephard,STARTUP,0.85,RULE_BASED_CLEAN,2026-08-27T15:08:45.588667+00:00
Nateraw,Nateraw,STARTUP,0.85,RULE_BASED_CLEAN,2026-08-27T15:08:45.588891+00:00
Oall,Oall,STARTUP,0.85,RULE_BASED_CLEAN,2026-08-27T15:08:45.589115+00:00
Xi0V,Xi0V,STARTUP,0.85,RULE_BASED_CLEAN,2026-08-27T15:08:45.589329+00:00
Xingyang1,Xingyang1,STARTUP,0.85,RULE_BASED_CLEAN,2026-08-27T15:08:45.589536+00:00
Soul Ailab,Soul Ailab,STARTUP,0.85,RULE_BASED_CLEAN,2026-08-27T15:08:45.589759+00:00
Mcp 1St Birthday,Mcp 1St Birthday,STARTUP,0.85,RULE_BASED_CLEAN,2026-08-27T15:08:45.589985+00:00
Exbert Project,Exbert Project,STARTUP,0.85,RULE_BASED_CLEAN,2026-08-27T15:08:45.590199+00:00
Tempofunk,Tempofunk,STARTUP,0.85,RULE_BASED_CLEAN,2026-08-27T15:08:45.590411+00:00
Iahispano,Iahispano,STARTUP,0.85,RULE_BASED_CLEAN,2026-08-27T15:08:45.590616+00:00
Moondream,Moondream,STARTUP,0.85,RULE_BASED_CLEAN,2026-08-27T15:08:45.590824+00:00
Roblox,Roblox,STARTUP,0.85,RULE_BASED_CLEAN,2026-08-27T15:08:45.591030+00:00
Yasserrmd,Yasserrmd,STARTUP,0.85,RULE_BASED_CLEAN,2026-08-27T15:08:45.591232+00:00
Phenomenon1981,Phenomenon1981,STARTUP,0.85,RULE_BASED_CLEAN,2026-08-27T15:08:45.591434+00:00
Bhaskartripathi,Bhaskartripathi,STARTUP,0.85,RULE_BASED_CLEAN,2026-08-27T15:08:45.591641+00:00
Chansung,Chansung,STARTUP,0.85,RULE_BASED_CLEAN,2026-08-27T15:08:45.591852+00:00
Tomaarsen,Tomaarsen,STARTUP,0.85,RULE_BASED_CLEAN,2026-08-27T15:08:45.592058+00:00
Tonic,Tonic,STARTUP,0.85,RULE_BASED_CLEAN,2026-08-27T15:08:45.592260+00:00
Hypercluster,Hypercluster,STARTUP,0.85,RULE_BASED_CLEAN,2026-08-27T15:08:45.592463+00:00
Ravediamond,Ravediamond,STARTUP,0.85,RULE_BASED_CLEAN,2026-08-27T15:08:45.592664+00:00
Agentflow,Agentflow,STARTUP,0.85,RULE_BASED_CLEAN,2026-08-27T15:08:45.592868+00:00
Huggingfacebio,Huggingfacebio,STARTUP,0.85,RULE_BASED_CLEAN,2026-08-27T15:08:45.593088+00:00
Hshr,Hshr,STARTUP,0.85,RULE_BASED_CLEAN,2026-08-27T15:08:45.593314+00:00
Hf Vision,Hf Vision,STARTUP,0.85,RULE_BASED_CLEAN,2026-08-27T15:08:45.593528+00:00
Ai Guru,Guru,STARTUP,0.85,RULE_BASED_CLEAN,2026-08-27T15:08:45.593732+00:00
Zeyue7,Zeyue7,STARTUP,0.85,RULE_BASED_CLEAN,2026-08-27T15:08:45.593943+00:00
Autoevaluate,Autoevaluate,STARTUP,0.85,RULE_BASED_CLEAN,2026-08-27T15:08:45.594154+00:00
Gligen,Gligen,STARTUP,0.85,RULE_BASED_CLEAN,2026-08-27T15:08:45.594358+00:00
Kakologarchives,Kakologarchives,STARTUP,0.85,RULE_BASED_CLEAN,2026-08-27T15:08:45.594561+00:00
K9Cli,K9Cli,STARTUP,0.85,RULE_BASED_CLEAN,2026-08-27T15:08:45.594762+00:00
Xlangai,Xlangai,STARTUP,0.85,RULE_BASED_CLEAN,2026-08-27T15:08:45.594965+00:00
Ayuo,Ayuo,STARTUP,0.85,RULE_BASED_CLEAN,2026-08-27T15:08:45.595166+00:00
Ipec Community,Ipec Community,STARTUP,0.85,RULE_BASED_CLEAN,2026-08-27T15:08:45.595379+00:00
Ryanmarten,Ryanmarten,STARTUP,0.85,RULE_BASED_CLEAN,2026-08-27T15:08:45.595588+00:00
Hf Doc Build,Hf Doc Build,STARTUP,0.85,RULE_BASED_CLEAN,2026-08-27T15:08:45.595809+00:00
Banned Historical Archives,Banned Historical Archives,STARTUP,0.85,RULE_BASED_CLEAN,2026-08-27T15:08:45.596374+00:00
M A P,M A P,STARTUP,0.85,RULE_BASED_CLEAN,2026-08-27T15:08:45.596644+00:00
Genrobot2025,Genrobot2025,STARTUP,0.85,RULE_BASED_CLEAN,2026-08-27T15:08:45.596868+00:00
Benjy,Benjy,STARTUP,0.85,RULE_BASED_CLEAN,2026-08-27T15:08:45.597082+00:00
Happyhackingspace,Happyhackingspace,STARTUP,0.85,RULE_BASED_CLEAN,2026-08-27T15:08:45.597288+00:00
Picbreeder Vlm,Picbreeder Vlm,STARTUP,0.85,RULE_BASED_CLEAN,2026-08-27T15:08:45.597501+00:00
Drssth,Drssth,STARTUP,0.85,RULE_BASED_CLEAN,2026-08-27T15:08:45.597703+00:00
Chuhaojie,Chuhaojie,STARTUP,0.85,RULE_BASED_CLEAN,2026-08-27T15:08:45.597913+00:00
Mvp Lab,Mvp Lab,STARTUP,0.85,RULE_BASED_CLEAN,2026-08-27T15:08:45.598125+00:00
Chelsea707,Chelsea707,STARTUP,0.85,RULE_BASED_CLEAN,2026-08-27T15:08:45.598328+00:00
Uwipl,Uwipl,STARTUP,0.85,RULE_BASED_CLEAN,2026-08-27T15:08:45.598529+00:00
Hennypr,Hennypr,STARTUP,0.85,RULE_BASED_CLEAN,2026-08-27T15:08:45.598730+00:00
Dagonulca,Dagonulca,STARTUP,0.85,RULE_BASED_CLEAN,2026-08-27T15:08:45.598947+00:00
Hoshipu,Hoshipu,STARTUP,0.85,RULE_BASED_CLEAN,2026-08-27T15:08:45.599151+00:00
Updatebao,Updatebao,STARTUP,0.85,RULE_BASED_CLEAN,2026-08-27T15:08:45.599354+00:00
Applied Ai 018,Applied 018,STARTUP,0.85,RULE_BASED_CLEAN,2026-08-27T15:08:45.599579+00:00
Emmyc2,Emmyc2,STARTUP,0.85,RULE_BASED_CLEAN,2026-08-27T15:08:45.599806+00:00
Maximilians,Maximilians,STARTUP,0.85,RULE_BASED_CLEAN,2026-08-27T15:08:45.600031+00:00
Jat Project,Jat Project,STARTUP,0.85,RULE_BASED_CLEAN,2026-08-27T15:08:45.600250+00:00
Cais,Cais,STARTUP,0.85,RULE_BASED_CLEAN,2026-08-27T15:08:45.600471+00:00
Kthera,Kthera,STARTUP,0.85,RULE_BASED_CLEAN,2026-08-27T15:08:45.600724+00:00
World Igr Plum,World Igr Plum,STARTUP,0.85,RULE_BASED_CLEAN,2026-08-27T15:08:45.601027+00:00
Drakesuper,Drakesuper,STARTUP,0.85,RULE_BASED_CLEAN,2026-08-27T15:08:45.601292+00:00
Nyu Mll,Nyu Mll,STARTUP,0.85,RULE_BASED_CLEAN,2026-08-27T15:08:45.601527+00:00
Siril Spcc,Siril Spcc,STARTUP,0.85,RULE_BASED_CLEAN,2026-08-27T15:08:45.601768+00:00
Anon8231489123,Anon8231489123,STARTUP,0.85,RULE_BASED_CLEAN,2026-08-27T15:08:45.602002+00:00
Presentbench,Presentbench,STARTUP,0.85,RULE_BASED_CLEAN,2026-08-27T15:08:45.602222+00:00
Tasl Lab,Tasl Lab,STARTUP,0.85,RULE_BASED_CLEAN,2026-08-27T15:08:45.602449+00:00
Xdof,Xdof,STARTUP,0.85,RULE_BASED_CLEAN,2026-08-27T15:08:45.602666+00:00
Cadene,Cadene,STARTUP,0.85,RULE_BASED_CLEAN,2026-08-27T15:08:45.602889+00:00
Fujinchu,Fujinchu,STARTUP,0.85,RULE_BASED_CLEAN,2026-08-27T15:08:45.603108+00:00
Princeton Nlp,Princeton Nlp,STARTUP,0.85,RULE_BASED_CLEAN,2026-08-27T15:08:45.603336+00:00
Hf Internal Testing,Hf Internal Testing,STARTUP,0.85,RULE_BASED_CLEAN,2026-08-27T15:08:45.603572+00:00
Quejing,Quejing,STARTUP,0.85,RULE_BASED_CLEAN,2026-08-27T15:08:45.603786+00:00
Google Research Datasets,Google Research Datasets,STARTUP,0.85,RULE_BASED_CLEAN,2026-08-27T15:08:45.604031+00:00
Gutoportelaa,Gutoportelaa,STARTUP,0.85,RULE_BASED_CLEAN,2026-08-27T15:08:45.604253+00:00
Ccoffee20,Ccoffee20,STARTUP,0.85,RULE_BASED_CLEAN,2026-08-27T15:08:45.604494+00:00
Aquav,Aquav,STARTUP,0.85,RULE_BASED_CLEAN,2026-08-27T15:08:45.604708+00:00
Rowan,Rowan,STARTUP,0.85,RULE_BASED_CLEAN,2026-08-27T15:08:45.604917+00:00
Tars Robotics,Tars Robotics,STARTUP,0.85,RULE_BASED_CLEAN,2026-08-27T15:08:45.605202+00:00
Stanford Vision Lab,Stanford Vision Lab,STARTUP,0.85,RULE_BASED_CLEAN,2026-08-27T15:08:45.605432+00:00
Mlfoundations,Mlfoundations,STARTUP,0.85,RULE_BASED_CLEAN,2026-08-27T15:08:45.605638+00:00
Huggingface Course,Huggingface Course,STARTUP,0.85,RULE_BASED_CLEAN,2026-08-27T15:08:45.605858+00:00
Joeliu996,Joeliu996,STARTUP,0.85,RULE_BASED_CLEAN,2026-08-27T15:08:45.606064+00:00
Internrobotics,Internrobotics,STARTUP,0.85,RULE_BASED_CLEAN,2026-08-27T15:08:45.606278+00:00
Shash42,Shash42,STARTUP,0.85,RULE_BASED_CLEAN,2026-08-27T15:08:45.606488+00:00
Gokuscraper,Gokuscraper,STARTUP,0.85,RULE_BASED_CLEAN,2026-08-27T15:08:45.606695+00:00
Yyyzzzzyyy,Yyyzzzzyyy,STARTUP,0.85,RULE_BASED_CLEAN,2026-08-27T15:08:45.606902+00:00
Meihualuomanxueshan,Meihualuomanxueshan,STARTUP,0.85,RULE_BASED_CLEAN,2026-08-27T15:08:45.607113+00:00
Huggingfacecode,Huggingfacecode,STARTUP,0.85,RULE_BASED_CLEAN,2026-08-27T15:08:45.607323+00:00
Wikimedia,Wikimedia,STARTUP,0.85,RULE_BASED_CLEAN,2026-08-27T15:08:45.607529+00:00
Nebius,Nebius,STARTUP,0.85,RULE_BASED_CLEAN,2026-08-27T15:08:45.607736+00:00
Aieda,Aieda,STARTUP,0.85,RULE_BASED_CLEAN,2026-08-27T15:08:45.607946+00:00
Jzr99,Jzr99,STARTUP,0.85,RULE_BASED_CLEAN,2026-08-27T15:08:45.608160+00:00
Uoft Cs,Uoft Cs,STARTUP,0.85,RULE_BASED_CLEAN,2026-08-27T15:08:45.608388+00:00
Rekaai,Rekaai,STARTUP,0.85,RULE_BASED_CLEAN,2026-08-27T15:08:45.608588+00:00
Inclusionai,Inclusionai,STARTUP,0.85,RULE_BASED_CLEAN,2026-08-27T15:08:45.608791+00:00
Ieasybooks Org,Ieasybooks Org,STARTUP,0.85,RULE_BASED_CLEAN,2026-08-27T15:08:45.609011+00:00
Ztwhhh,Ztwhhh,STARTUP,0.85,RULE_BASED_CLEAN,2026-08-27T15:08:45.609217+00:00
Robodojo Benchmark,Robodojo Benchmark,STARTUP,0.85,RULE_BASED_CLEAN,2026-08-27T15:08:45.609428+00:00
Aps,Aps,STARTUP,0.85,RULE_BASED_CLEAN,2026-08-27T15:08:45.609629+00:00
Permutans,Permutans,STARTUP,0.85,RULE_BASED_CLEAN,2026-08-27T15:08:45.609834+00:00
Gfdg34Fsd,Gfdg34Fsd,STARTUP,0.85,RULE_BASED_CLEAN,2026-08-27T15:08:45.610036+00:00
Simple World Lab,Simple World Lab,STARTUP,0.85,RULE_BASED_CLEAN,2026-08-27T15:08:45.610262+00:00
Rajpurkar,Rajpurkar,STARTUP,0.85,RULE_BASED_CLEAN,2026-08-27T15:08:45.610463+00:00
Qyang1021,Qyang1021,STARTUP,0.85,RULE_BASED_CLEAN,2026-08-27T15:08:45.610665+00:00
Stanfordnlp,Stanfordnlp,STARTUP,0.85,RULE_BASED_CLEAN,2026-08-27T15:08:45.610868+00:00
Metanova,Metanova,STARTUP,0.85,RULE_BASED_CLEAN,2026-08-27T15:08:45.611077+00:00
Sii Rhos Ai,Sii Rhos,STARTUP,0.85,RULE_BASED_CLEAN,2026-08-27T15:08:45.611396+00:00
Sjkhfuk,Sjkhfuk,STARTUP,0.85,RULE_BASED_CLEAN,2026-08-27T15:08:45.611613+00:00
Builddotai,Builddotai,STARTUP,0.85,RULE_BASED_CLEAN,2026-08-27T15:08:45.611818+00:00
Gourieff,Gourieff,STARTUP,0.85,RULE_BASED_CLEAN,2026-08-27T15:08:45.612030+00:00
Zhoujt1994,Zhoujt1994,STARTUP,0.85,RULE_BASED_CLEAN,2026-08-27T15:08:45.612237+00:00
Stal Ix,Stal Ix,STARTUP,0.85,RULE_BASED_CLEAN,2026-08-27T15:08:45.612457+00:00
Gorilla Llm,Gorilla Llm,STARTUP,0.85,RULE_BASED_CLEAN,2026-08-27T15:08:45.612670+00:00
Artur Muratov,Artur Muratov,STARTUP,0.85,RULE_BASED_CLEAN,2026-08-27T15:08:45.612880+00:00
Symato,Symato,STARTUP,0.85,RULE_BASED_CLEAN,2026-08-27T15:08:45.613082+00:00
Narsil,Narsil,STARTUP,0.85,RULE_BASED_CLEAN,2026-08-27T15:08:45.613283+00:00
Rentoddb,Rentoddb,STARTUP,0.85,RULE_BASED_CLEAN,2026-08-27T15:08:45.613489+00:00
Morteza20,Morteza20,STARTUP,0.85,RULE_BASED_CLEAN,2026-08-27T15:08:45.613717+00:00
Ibrahimhamamci,Ibrahimhamamci,STARTUP,0.85,RULE_BASED_CLEAN,2026-08-27T15:08:45.613944+00:00
Scorpionjacketguy,Scorpionjacketguy,STARTUP,0.85,RULE_BASED_CLEAN,2026-08-27T15:08:45.614173+00:00
Swaystar123,Swaystar123,STARTUP,0.85,RULE_BASED_CLEAN,2026-08-27T15:08:45.614389+00:00
Longisland3,Longisland3,STARTUP,0.85,RULE_BASED_CLEAN,2026-08-27T15:08:45.614605+00:00
Jxcai Scale,Jxcai Scale,STARTUP,0.85,RULE_BASED_CLEAN,2026-08-27T15:08:45.614824+00:00
Baber,Baber,STARTUP,0.85,RULE_BASED_CLEAN,2026-08-27T15:08:45.615039+00:00
Ilsvrc,Ilsvrc,STARTUP,0.85,RULE_BASED_CLEAN,2026-08-27T15:08:45.615249+00:00
Nithish2410,Nithish2410,STARTUP,0.85,RULE_BASED_CLEAN,2026-08-27T15:08:45.615464+00:00
Defeatbeta,Defeatbeta,STARTUP,0.85,RULE_BASED_CLEAN,2026-08-27T15:08:45.615674+00:00
Jamesqijingsong,Jamesqijingsong,STARTUP,0.85,RULE_BASED_CLEAN,2026-08-27T15:08:45.615881+00:00
Collapsecdn,Collapsecdn,STARTUP,0.85,RULE_BASED_CLEAN,2026-08-27T15:08:45.616089+00:00
Ifm,Ifm,STARTUP,0.85,RULE_BASED_CLEAN,2026-08-27T15:08:45.616297+00:00
Albertvillanova,Albertvillanova,STARTUP,0.85,RULE_BASED_CLEAN,2026-08-27T15:08:45.616508+00:00
Truthfulqa,Truthfulqa,STARTUP,0.85,RULE_BASED_CLEAN,2026-08-27T15:08:45.616716+00:00
Idavidrein,Idavidrein,STARTUP,0.85,RULE_BASED_CLEAN,2026-08-27T15:08:45.616922+00:00
Math Ai,Math,STARTUP,0.85,RULE_BASED_CLEAN,2026-08-27T15:08:45.617139+00:00
Programbench,Programbench,STARTUP,0.85,RULE_BASED_CLEAN,2026-08-27T15:08:45.617347+00:00
Chartgalaxy,Chartgalaxy,STARTUP,0.85,RULE_BASED_CLEAN,2026-08-27T15:08:45.617565+00:00
Nmasi,Nmasi,STARTUP,0.85,RULE_BASED_CLEAN,2026-08-27T15:08:45.617779+00:00
Labelmaker,Labelmaker,STARTUP,0.85,RULE_BASED_CLEAN,2026-08-27T15:08:45.617987+00:00
Onfdata,Onfdata,STARTUP,0.85,RULE_BASED_CLEAN,2026-08-27T15:08:45.618198+00:00
Ai Mo,Mo,STARTUP,0.85,RULE_BASED_CLEAN,2026-08-27T15:08:45.618404+00:00
Liwu,Liwu,STARTUP,0.85,RULE_BASED_CLEAN,2026-08-27T15:08:45.618613+00:00
Icdn15,Icdn15,STARTUP,0.85,RULE_BASED_CLEAN,2026-08-27T15:08:45.618822+00:00
Icdn10,Icdn10,STARTUP,0.85,RULE_BASED_CLEAN,2026-08-27T15:08:45.619043+00:00
Sarulab Speech,Sarulab Speech,STARTUP,0.85,RULE_BASED_CLEAN,2026-08-27T15:08:45.619263+00:00
Icdn18,Icdn18,STARTUP,0.85,RULE_BASED_CLEAN,2026-08-27T15:08:45.619488+00:00
Sunblaze Ucb,Sunblaze Ucb,STARTUP,0.85,RULE_BASED_CLEAN,2026-08-27T15:08:45.619751+00:00
Icdn13,Icdn13,STARTUP,0.85,RULE_BASED_CLEAN,2026-08-27T15:08:45.619989+00:00
Open Thoughts,Open Thoughts,STARTUP,0.85,RULE_BASED_CLEAN,2026-08-27T15:08:45.620213+00:00
Icdn12,Icdn12,STARTUP,0.85,RULE_BASED_CLEAN,2026-08-27T15:08:45.620422+00:00
Livecodebench,Livecodebench,STARTUP,0.85,RULE_BASED_CLEAN,2026-08-27T15:08:45.620635+00:00
Ai For Good Lab,For Good Lab,STARTUP,0.85,RULE_BASED_CLEAN,2026-08-27T15:08:45.620864+00:00
Icdn14,Icdn14,STARTUP,0.85,RULE_BASED_CLEAN,2026-08-27T15:08:45.621077+00:00
Icdn11,Icdn11,STARTUP,0.85,RULE_BASED_CLEAN,2026-08-27T15:08:45.621288+00:00
Challenge 2026,Challenge 2026,STARTUP,0.85,RULE_BASED_CLEAN,2026-08-27T15:08:45.621510+00:00
Behavior 1K,Behavior 1K,STARTUP,0.85,RULE_BASED_CLEAN,2026-08-27T15:08:45.621730+00:00
Badal9263,Badal9263,STARTUP,0.85,RULE_BASED_CLEAN,2026-08-27T15:08:45.621935+00:00
Espnet,Espnet,STARTUP,0.85,RULE_BASED_CLEAN,2026-08-27T15:08:45.622147+00:00
Swe Bench,Swe Bench,STARTUP,0.85,RULE_BASED_CLEAN,2026-08-27T15:08:45.622361+00:00
Khtao,Khtao,STARTUP,0.85,RULE_BASED_CLEAN,2026-08-27T15:08:45.622572+00:00
Tienmanh93,Tienmanh93,STARTUP,0.85,RULE_BASED_CLEAN,2026-08-27T15:08:45.622786+00:00
Adyen,Adyen,STARTUP,0.85,RULE_BASED_CLEAN,2026-08-27T15:08:45.622992+00:00
Legacy Datasets,Legacy Datasets,STARTUP,0.85,RULE_BASED_CLEAN,2026-08-27T15:08:45.623213+00:00
Locuslab,Locuslab,STARTUP,0.85,RULE_BASED_CLEAN,2026-08-27T15:08:45.623419+00:00
Smol Course,Smol Course,STARTUP,0.85,RULE_BASED_CLEAN,2026-08-27T15:08:45.623640+00:00
Stair Lab,Stair Lab,STARTUP,0.85,RULE_BASED_CLEAN,2026-08-27T15:08:45.623855+00:00
Tatsu Lab,Tatsu Lab,STARTUP,0.85,RULE_BASED_CLEAN,2026-08-27T15:08:45.624075+00:00
Rl Llm Wiki,Rl Llm Wiki,STARTUP,0.85,RULE_BASED_CLEAN,2026-08-27T15:08:45.624299+00:00
Ceval,Ceval,STARTUP,0.85,RULE_BASED_CLEAN,2026-08-27T15:08:45.624511+00:00
Yaak Ai,Yaak,STARTUP,0.85,RULE_BASED_CLEAN,2026-08-27T15:08:45.624720+00:00
Hssd,Hssd,STARTUP,0.85,RULE_BASED_CLEAN,2026-08-27T15:08:45.624926+00:00
Muteapo,Muteapo,STARTUP,0.85,RULE_BASED_CLEAN,2026-08-27T15:08:45.625136+00:00
Tau,Tau,STARTUP,0.85,RULE_BASED_CLEAN,2026-08-27T15:08:45.625342+00:00
Openclimatefix,Openclimatefix,STARTUP,0.85,RULE_BASED_CLEAN,2026-08-27T15:08:45.625553+00:00
Ropedia Ai,Ropedia,STARTUP,0.85,RULE_BASED_CLEAN,2026-08-27T15:08:45.625760+00:00
Multitalk,Multitalk,STARTUP,0.85,RULE_BASED_CLEAN,2026-08-27T15:08:45.625971+00:00
Epfml,Epfml,STARTUP,0.85,RULE_BASED_CLEAN,2026-08-27T15:08:45.626176+00:00
Abisee,Abisee,STARTUP,0.85,RULE_BASED_CLEAN,2026-08-27T15:08:45.626386+00:00
Fraunhoferipk,Fraunhoferipk,STARTUP,0.85,RULE_BASED_CLEAN,2026-08-27T15:08:45.626599+00:00
Feyninc,Feyninc,STARTUP,0.85,RULE_BASED_CLEAN,2026-08-27T15:08:45.626811+00:00
Mandarjoshi,Mandarjoshi,STARTUP,0.85,RULE_BASED_CLEAN,2026-08-27T15:08:45.627021+00:00
Roneneldan,Roneneldan,STARTUP,0.85,RULE_BASED_CLEAN,2026-08-27T15:08:45.627226+00:00
Open R1,Open R1,STARTUP,0.85,RULE_BASED_CLEAN,2026-08-27T15:08:45.627445+00:00
Thomasthemaker,Thomasthemaker,STARTUP,0.85,RULE_BASED_CLEAN,2026-08-27T15:08:45.627655+00:00
Aliasfox,Aliasfox,STARTUP,0.85,RULE_BASED_CLEAN,2026-08-27T15:08:45.627864+00:00
Microscope Project,Microscope Project,STARTUP,0.85,RULE_BASED_CLEAN,2026-08-27T15:08:45.628084+00:00
3Dlg Hcvc,3Dlg Hcvc,STARTUP,0.85,RULE_BASED_CLEAN,2026-08-27T15:08:45.628305+00:00
Hotpotqa,Hotpotqa,STARTUP,0.85,RULE_BASED_CLEAN,2026-08-27T15:08:45.628513+00:00
Orionweller,Orionweller,STARTUP,0.85,RULE_BASED_CLEAN,2026-08-27T15:08:45.628719+00:00
Peakstars,Peakstars,STARTUP,0.85,RULE_BASED_CLEAN,2026-08-27T15:08:45.628930+00:00
Dl3Dv,Dl3Dv,STARTUP,0.85,RULE_BASED_CLEAN,2026-08-27T15:08:45.629142+00:00
Hplt,Hplt,STARTUP,0.85,RULE_BASED_CLEAN,2026-08-27T15:08:45.629349+00:00
Meta Math,Meta Math,STARTUP,0.85,RULE_BASED_CLEAN,2026-08-27T15:08:45.629564+00:00
Opendrivelab,Opendrivelab,STARTUP,0.85,RULE_BASED_CLEAN,2026-08-27T15:08:45.629774+00:00
Hallucinations Leaderboard,Hallucinations Leaderboard,STARTUP,0.85,RULE_BASED_CLEAN,2026-08-27T15:08:45.629998+00:00
Zyphra,Zyphra,STARTUP,0.85,RULE_BASED_CLEAN,2026-08-27T15:08:45.630210+00:00
Hrdexdb,Hrdexdb,STARTUP,0.85,RULE_BASED_CLEAN,2026-08-27T15:08:45.630415+00:00
Zahid0,Zahid0,STARTUP,0.85,RULE_BASED_CLEAN,2026-08-27T15:08:45.630625+00:00
Deepinv,Deepinv,STARTUP,0.85,RULE_BASED_CLEAN,2026-08-27T15:08:45.630830+00:00
Respair,Respair,STARTUP,0.85,RULE_BASED_CLEAN,2026-08-27T15:08:45.631043+00:00
Deliberatorarchiver,Deliberatorarchiver,STARTUP,0.85,RULE_BASED_CLEAN,2026-08-27T15:08:45.631257+00:00
Cern,Cern,STARTUP,0.85,RULE_BASED_CLEAN,2026-08-27T15:08:45.631465+00:00
Fancyzhx,Fancyzhx,STARTUP,0.85,RULE_BASED_CLEAN,2026-08-27T15:08:45.631672+00:00
Mxgx110,Mxgx110,STARTUP,0.85,RULE_BASED_CLEAN,2026-08-27T15:08:45.631877+00:00
Raushan Testing Hf,Raushan Testing Hf,STARTUP,0.85,RULE_BASED_CLEAN,2026-08-27T15:08:45.632102+00:00
Ylecun,Ylecun,STARTUP,0.85,RULE_BASED_CLEAN,2026-08-27T15:08:45.632307+00:00
Gsma,Gsma,STARTUP,0.85,RULE_BASED_CLEAN,2026-08-27T15:08:45.632516+00:00
Nkp37,Nkp37,STARTUP,0.85,RULE_BASED_CLEAN,2026-08-27T15:08:45.632719+00:00
Mearman,Mearman,STARTUP,0.85,RULE_BASED_CLEAN,2026-08-27T15:08:45.632927+00:00
Radgenome,Radgenome,STARTUP,0.85,RULE_BASED_CLEAN,2026-08-27T15:08:45.633135+00:00
Ybisk,Ybisk,STARTUP,0.85,RULE_BASED_CLEAN,2026-08-27T15:08:45.633340+00:00
Gradio,Gradio,STARTUP,0.85,RULE_BASED_CLEAN,2026-08-27T15:08:45.633543+00:00
Adams Story,Adams Story,STARTUP,0.85,RULE_BASED_CLEAN,2026-08-27T15:08:45.634051+00:00
Ywzbrandon,Ywzbrandon,STARTUP,0.85,RULE_BASED_CLEAN,2026-08-27T15:08:45.634411+00:00
Anisoleai,Anisoleai,STARTUP,0.85,RULE_BASED_CLEAN,2026-08-27T15:08:45.634680+00:00
Glint Research,Glint Research,STARTUP,0.85,RULE_BASED_CLEAN,2026-08-27T15:08:45.634934+00:00
Mlcommons,Mlcommons,STARTUP,0.85,RULE_BASED_CLEAN,2026-08-27T15:08:45.635155+00:00
Hails,Hails,STARTUP,0.85,RULE_BASED_CLEAN,2026-08-27T15:08:45.635380+00:00
Lxl 158,Lxl 158,STARTUP,0.85,RULE_BASED_CLEAN,2026-08-27T15:08:45.635615+00:00
Open Cn Llm Leaderboard,Open Cn Llm Leaderboard,STARTUP,0.85,RULE_BASED_CLEAN,2026-08-27T15:08:45.635845+00:00
Syn4D,Syn4D,STARTUP,0.85,RULE_BASED_CLEAN,2026-08-27T15:08:45.636048+00:00
Atokforps,Atokforps,STARTUP,0.85,RULE_BASED_CLEAN,2026-08-27T15:08:45.636249+00:00
enzostvs,Enzostvs,STARTUP,0.85,RULE_BASED_CLEAN,2026-08-27T15:08:45.636459+00:00
open-llm-leaderboard,Open Llm Leaderboard,STARTUP,0.85,RULE_BASED_CLEAN,2026-08-27T15:08:45.636724+00:00
jbilcke-hf,Jbilcke Hf,STARTUP,0.85,RULE_BASED_CLEAN,2026-08-27T15:08:45.636959+00:00
Kwai-Kolors,Kwai Kolors,STARTUP,0.85,RULE_BASED_CLEAN,2026-08-27T15:08:45.637191+00:00
black-forest-labs,Black Forest,STARTUP,0.85,RULE_BASED_CLEAN,2026-08-27T15:08:45.637407+00:00
mteb,Mteb,STARTUP,0.85,RULE_BASED_CLEAN,2026-08-27T15:08:45.637609+00:00
dalle-mini,Dalle Mini,STARTUP,0.85,RULE_BASED_CLEAN,2026-08-27T15:08:45.637821+00:00
AP123,Ap123,STARTUP,0.85,RULE_BASED_CLEAN,2026-08-27T15:08:45.638027+00:00
facebook,Facebook,STARTUP,0.85,RULE_BASED_CLEAN,2026-08-27T15:08:45.638443+00:00
lmarena-ai,Lmarena,STARTUP,0.85,RULE_BASED_CLEAN,2026-08-27T15:08:45.638645+00:00
microsoft,Microsoft,STARTUP,0.85,RULE_BASED_CLEAN,2026-08-27T15:08:45.638855+00:00
KingNish,Kingnish,STARTUP,0.85,RULE_BASED_CLEAN,2026-08-27T15:08:45.639060+00:00
nanotron,Nanotron,STARTUP,0.85,RULE_BASED_CLEAN,2026-08-27T15:08:45.639265+00:00
KlingTeam,Klingteam,STARTUP,0.85,RULE_BASED_CLEAN,2026-08-27T15:08:45.639471+00:00
mrfakename,Mrfakename,STARTUP,0.85,RULE_BASED_CLEAN,2026-08-27T15:08:45.639677+00:00
InstantX,Instantx,STARTUP,0.85,RULE_BASED_CLEAN,2026-08-27T15:08:45.639882+00:00
hexgrad,Hexgrad,STARTUP,0.85,RULE_BASED_CLEAN,2026-08-27T15:08:45.640084+00:00
zerogpu-aoti,Zerogpu Aoti,STARTUP,0.85,RULE_BASED_CLEAN,2026-08-27T15:08:45.640299+00:00
tencent,Tencent,STARTUP,0.85,RULE_BASED_CLEAN,2026-08-27T15:08:45.640503+00:00
akhaliq,Akhaliq,STARTUP,0.85,RULE_BASED_CLEAN,2026-08-27T15:08:45.640708+00:00
HuggingFaceTB,Hugging Face,STARTUP,0.88,FUZZY_RATIO_MATCH,2026-08-27T15:08:45.640927+00:00
r3gm,R3Gm,STARTUP,0.85,RULE_BASED_CLEAN,2026-08-27T15:08:45.641132+00:00
mukaist,Mukaist,STARTUP,0.85,RULE_BASED_CLEAN,2026-08-27T15:08:45.641335+00:00
pharmapsychotic,Pharmapsychotic,STARTUP,0.85,RULE_BASED_CLEAN,2026-08-27T15:08:45.641556+00:00
not-lain,Not Lain,STARTUP,0.85,RULE_BASED_CLEAN,2026-08-27T15:08:45.641969+00:00
sanchit-gandhi,Sanchit Gandhi,STARTUP,0.85,RULE_BASED_CLEAN,2026-08-27T15:08:45.642398+00:00
openai,OpenAI,STARTUP,1.0,EXACT_SEED_MATCH,2026-08-27T15:08:45.642407+00:00
HumanAIGC,Humanaigc,STARTUP,0.85,RULE_BASED_CLEAN,2026-08-27T15:08:45.642618+00:00
coqui,Coqui,STARTUP,0.85,RULE_BASED_CLEAN,2026-08-27T15:08:45.642819+00:00
prithivMLmods,Prithivmlmods,STARTUP,0.85,RULE_BASED_CLEAN,2026-08-27T15:08:45.643020+00:00
tonyassi,Tonyassi,STARTUP,0.85,RULE_BASED_CLEAN,2026-08-27T15:08:45.643220+00:00
multimodalart,Multimodalart,STARTUP,0.85,RULE_BASED_CLEAN,2026-08-27T15:08:45.643421+00:00
fffiloni,Fffiloni,STARTUP,0.85,RULE_BASED_CLEAN,2026-08-27T15:08:45.643626+00:00
selfit-camera,Selfit Camera,STARTUP,0.85,RULE_BASED_CLEAN,2026-08-27T15:08:45.643863+00:00
sczhou,Sczhou,STARTUP,0.85,RULE_BASED_CLEAN,2026-08-27T15:08:45.644071+00:00
suno,Suno,STARTUP,0.85,RULE_BASED_CLEAN,2026-08-27T15:08:45.644275+00:00
AI4Editing,Ai4Editing,STARTUP,0.85,RULE_BASED_CLEAN,2026-08-27T15:08:45.644478+00:00
linoyts,Linoyts,STARTUP,0.85,RULE_BASED_CLEAN,2026-08-27T15:08:45.644888+00:00
finegrain,Finegrain,STARTUP,0.85,RULE_BASED_CLEAN,2026-08-27T15:08:45.645705+00:00
Wan-AI,Wan,STARTUP,0.85,RULE_BASED_CLEAN,2026-08-27T15:08:45.645908+00:00
yisol,Yisol,STARTUP,0.85,RULE_BASED_CLEAN,2026-08-27T15:08:45.646112+00:00
yanze,Yanze,STARTUP,0.85,RULE_BASED_CLEAN,2026-08-27T15:08:45.646516+00:00
ggml-org,Ggml Org,STARTUP,0.85,RULE_BASED_CLEAN,2026-08-27T15:08:45.646743+00:00
stabilityai,Stability AI,STARTUP,0.9,FUZZY_RATIO_MATCH,2026-08-27T15:08:45.647360+00:00
mediasynthesismuseum,Mediasynthesismuseum,STARTUP,0.85,RULE_BASED_CLEAN,2026-08-27T15:08:45.647585+00:00
deepseek-ai,DeepSeek,STARTUP,1.0,EXACT_SEED_MATCH,2026-08-27T15:08:45.647601+00:00
DontPlanToEnd,Dontplantoend,STARTUP,0.85,RULE_BASED_CLEAN,2026-08-27T15:08:45.647863+00:00
huggingface-projects,Huggingface Projects,STARTUP,0.85,RULE_BASED_CLEAN,2026-08-27T15:08:45.648088+00:00
TencentARC,Tencentarc,STARTUP,0.85,RULE_BASED_CLEAN,2026-08-27T15:08:45.648290+00:00
Tongyi-MAI,Tongyi Mai,STARTUP,0.85,RULE_BASED_CLEAN,2026-08-27T15:08:45.648505+00:00
ehristoforu,Ehristoforu,STARTUP,0.85,RULE_BASED_CLEAN,2026-08-27T15:08:45.648706+00:00
nari-labs,Nari,STARTUP,0.85,RULE_BASED_CLEAN,2026-08-27T15:08:45.648914+00:00
fancyfeast,Fancyfeast,STARTUP,0.85,RULE_BASED_CLEAN,2026-08-27T15:08:45.649118+00:00
NihalGazi,Nihalgazi,STARTUP,0.85,RULE_BASED_CLEAN,2026-08-27T15:08:45.649319+00:00
ResembleAI,Resembleai,STARTUP,0.85,RULE_BASED_CLEAN,2026-08-27T15:08:45.649524+00:00
jasperai,Jasper,STARTUP,0.86,FUZZY_RATIO_MATCH,2026-08-27T15:08:45.649937+00:00
ilcve21,Ilcve21,STARTUP,0.85,RULE_BASED_CLEAN,2026-08-27T15:08:45.650572+00:00
timbrooks,Timbrooks,STARTUP,0.85,RULE_BASED_CLEAN,2026-08-27T15:08:45.652227+00:00
CohereLabs,Coherelabs,STARTUP,0.85,RULE_BASED_CLEAN,2026-08-27T15:08:45.652433+00:00
bigcode,Bigcode,STARTUP,0.85,RULE_BASED_CLEAN,2026-08-27T15:08:45.652642+00:00
kulkas2pintu,Kulkas2Pintu,STARTUP,0.85,RULE_BASED_CLEAN,2026-08-27T15:08:45.652848+00:00
ysharma,Ysharma,STARTUP,0.85,RULE_BASED_CLEAN,2026-08-27T15:08:45.653056+00:00
DeepFloyd,Deepfloyd,STARTUP,0.85,RULE_BASED_CLEAN,2026-08-27T15:08:45.653263+00:00
ali-vilab,Ali Vilab,STARTUP,0.85,RULE_BASED_CLEAN,2026-08-27T15:08:45.653892+00:00
jamesliu1217,Jamesliu1217,STARTUP,0.85,RULE_BASED_CLEAN,2026-08-27T15:08:45.654098+00:00
hf-audio,Hf Audio,STARTUP,0.85,RULE_BASED_CLEAN,2026-08-27T15:08:45.654309+00:00
osanseviero,Osanseviero,STARTUP,0.85,RULE_BASED_CLEAN,2026-08-27T15:08:45.654514+00:00
FrameAI4687,Frameai4687,STARTUP,0.85,RULE_BASED_CLEAN,2026-08-27T15:08:45.654720+00:00
CompVis,Compvis,STARTUP,0.85,RULE_BASED_CLEAN,2026-08-27T15:08:45.654927+00:00
vinthony,Vinthony,STARTUP,0.85,RULE_BASED_CLEAN,2026-08-27T15:08:45.655133+00:00
zcxu-eric,Zcxu Eric,STARTUP,0.85,RULE_BASED_CLEAN,2026-08-27T15:08:45.655348+00:00
HuggingFaceFW,Hugging Face,STARTUP,0.88,FUZZY_RATIO_MATCH,2026-08-27T15:08:45.655556+00:00
gokaygokay,Gokaygokay,STARTUP,0.85,RULE_BASED_CLEAN,2026-08-27T15:08:45.656164+00:00
dream2589632147,Dream2589632147,STARTUP,0.85,RULE_BASED_CLEAN,2026-08-27T15:08:45.656370+00:00
lllyasviel,Lllyasviel,STARTUP,0.85,RULE_BASED_CLEAN,2026-08-27T15:08:45.656575+00:00
DamarJati,Damarjati,STARTUP,0.85,RULE_BASED_CLEAN,2026-08-27T15:08:45.657180+00:00
innoai,Innoai,STARTUP,0.85,RULE_BASED_CLEAN,2026-08-27T15:08:45.657792+00:00
k2-fsa,K2 Fsa,STARTUP,0.85,RULE_BASED_CLEAN,2026-08-27T15:08:45.658008+00:00
huggingchat,Huggingchat,STARTUP,0.85,RULE_BASED_CLEAN,2026-08-27T15:08:45.658214+00:00
merve,Merve,STARTUP,0.85,RULE_BASED_CLEAN,2026-08-27T15:08:45.658416+00:00
hysts,Hysts,STARTUP,0.85,RULE_BASED_CLEAN,2026-08-27T15:08:45.659239+00:00
playgroundai,Playgroundai,STARTUP,0.85,RULE_BASED_CLEAN,2026-08-27T15:08:45.660258+00:00
myshell-ai,Myshell,STARTUP,0.85,RULE_BASED_CLEAN,2026-08-27T15:08:45.660467+00:00
levihsu,Levihsu,STARTUP,0.85,RULE_BASED_CLEAN,2026-08-27T15:08:45.660881+00:00
prodia,Prodia,STARTUP,0.85,RULE_BASED_CLEAN,2026-08-27T15:08:45.661495+00:00
ByteDance,Bytedance,STARTUP,0.85,RULE_BASED_CLEAN,2026-08-27T15:08:45.661697+00:00
gabrielchua,Gabrielchua,STARTUP,0.85,RULE_BASED_CLEAN,2026-08-27T15:08:45.661902+00:00
anzorq,Anzorq,STARTUP,0.85,RULE_BASED_CLEAN,2026-08-27T15:08:45.662323+00:00
zai-org,Zai Org,STARTUP,0.85,RULE_BASED_CLEAN,2026-08-27T15:08:45.663150+00:00
DragGan,Draggan,STARTUP,0.85,RULE_BASED_CLEAN,2026-08-27T15:08:45.663355+00:00
opencompass,Opencompass,STARTUP,0.85,RULE_BASED_CLEAN,2026-08-27T15:08:45.663557+00:00
hf-accelerate,Hf Accelerate,STARTUP,0.85,RULE_BASED_CLEAN,2026-08-27T15:08:45.664390+00:00
hkchengrex,Hkchengrex,STARTUP,0.85,RULE_BASED_CLEAN,2026-08-27T15:08:45.664999+00:00
smolagents,Smolagents,STARTUP,0.85,RULE_BASED_CLEAN,2026-08-27T15:08:45.665608+00:00
TTS-AGI,Tts Agi,STARTUP,0.85,RULE_BASED_CLEAN,2026-08-27T15:08:45.665818+00:00
briaai,Briaai,STARTUP,0.85,RULE_BASED_CLEAN,2026-08-27T15:08:45.666224+00:00
modelscope,Modelscope,STARTUP,0.85,RULE_BASED_CLEAN,2026-08-27T15:08:45.666444+00:00
victor,Victor,STARTUP,0.85,RULE_BASED_CLEAN,2026-08-27T15:08:45.667211+00:00
HuggingFaceM4,Hugging Face,STARTUP,0.88,FUZZY_RATIO_MATCH,2026-08-27T15:08:45.667838+00:00
JohnSmith9982,Johnsmith9982,STARTUP,0.85,RULE_BASED_CLEAN,2026-08-27T15:08:45.668244+00:00
HuggingFaceH4,Hugging Face,STARTUP,0.88,FUZZY_RATIO_MATCH,2026-08-27T15:08:45.668864+00:00
AimeeBingmouQu,Aimeebingmouqu,STARTUP,0.85,RULE_BASED_CLEAN,2026-08-27T15:08:45.669272+00:00
VAST-AI,Vast.ai,STARTUP,0.98,NORMALIZED_SEED_MATCH,2026-08-27T15:08:45.669688+00:00
Vision-CAIR-Admin,Vision Cair Admin,STARTUP,0.85,RULE_BASED_CLEAN,2026-08-27T15:08:45.669921+00:00
FaceOnLive,Faceonlive,STARTUP,0.85,RULE_BASED_CLEAN,2026-08-27T15:08:45.670127+00:00
bookbot,Bookbot,STARTUP,0.85,RULE_BASED_CLEAN,2026-08-27T15:08:45.670330+00:00
sesame,Sesame,STARTUP,0.85,RULE_BASED_CLEAN,2026-08-27T15:08:45.670538+00:00
parler-tts,Parler Tts,STARTUP,0.85,RULE_BASED_CLEAN,2026-08-27T15:08:45.671772+00:00
TheStinger,Thestinger,STARTUP,0.85,RULE_BASED_CLEAN,2026-08-27T15:08:45.672185+00:00
IndexTeam,Indexteam,STARTUP,0.85,RULE_BASED_CLEAN,2026-08-27T15:08:45.672595+00:00
shariqfarooq,Shariqfarooq,STARTUP,0.85,RULE_BASED_CLEAN,2026-08-27T15:08:45.672802+00:00
hadadxyz,Hadadxyz,STARTUP,0.85,RULE_BASED_CLEAN,2026-08-27T15:08:45.673225+00:00
haoheliu,Haoheliu,STARTUP,0.85,RULE_BASED_CLEAN,2026-08-27T15:08:45.673837+00:00
lnyan,Lnyan,STARTUP,0.85,RULE_BASED_CLEAN,2026-08-27T15:08:45.674045+00:00
ovi054,Ovi054,STARTUP,0.85,RULE_BASED_CLEAN,2026-08-27T15:08:45.674256+00:00
felixrosberg,Felixrosberg,STARTUP,0.85,RULE_BASED_CLEAN,2026-08-27T15:08:45.674475+00:00
zomehwh,Zomehwh,STARTUP,0.85,RULE_BASED_CLEAN,2026-08-27T15:08:45.674687+00:00
bytedance-research,Bytedance Research,STARTUP,0.85,RULE_BASED_CLEAN,2026-08-27T15:08:45.675525+00:00
huggingface,Hugging Face,STARTUP,1.0,EXACT_SEED_MATCH,2026-08-27T15:08:45.675533+00:00
llamameta,Llamameta,STARTUP,0.85,RULE_BASED_CLEAN,2026-08-27T15:08:45.675737+00:00
agent-memory-leaderboard,Agent Memory Leaderboard,STARTUP,0.85,RULE_BASED_CLEAN,2026-08-27T15:08:45.676368+00:00
agents-course,Agents Course,STARTUP,0.85,RULE_BASED_CLEAN,2026-08-27T15:08:45.678321+00:00
styletts2,Styletts2,STARTUP,0.85,RULE_BASED_CLEAN,2026-08-27T15:08:45.678531+00:00
openbmb,Openbmb,STARTUP,0.85,RULE_BASED_CLEAN,2026-08-27T15:08:45.678756+00:00
lambda,Lambda,STARTUP,1.0,EXACT_SEED_MATCH,2026-08-27T15:08:45.678765+00:00
depth-anything,Depth Anything,STARTUP,0.85,RULE_BASED_CLEAN,2026-08-27T15:08:45.679451+00:00
Stable-X,Stable X,STARTUP,0.85,RULE_BASED_CLEAN,2026-08-27T15:08:45.679679+00:00
fishaudio,Fishaudio,STARTUP,0.85,RULE_BASED_CLEAN,2026-08-27T15:08:45.680087+00:00
trellis-community,Trellis Community,STARTUP,0.85,RULE_BASED_CLEAN,2026-08-27T15:08:45.680303+00:00
ASLP-lab,Aslp Lab,STARTUP,0.85,RULE_BASED_CLEAN,2026-08-27T15:08:45.680514+00:00
nightfury,Nightfury,STARTUP,0.85,RULE_BASED_CLEAN,2026-08-27T15:08:45.680721+00:00
ginipick,Ginipick,STARTUP,0.85,RULE_BASED_CLEAN,2026-08-27T15:08:45.680933+00:00
ACE-Step,Ace Step,STARTUP,0.85,RULE_BASED_CLEAN,2026-08-27T15:08:45.681150+00:00
opendatalab,Opendatalab,STARTUP,0.85,RULE_BASED_CLEAN,2026-08-27T15:08:45.681355+00:00
CVPR,Cvpr,STARTUP,0.85,RULE_BASED_CLEAN,2026-08-27T15:08:45.681558+00:00
skytnt,Skytnt,STARTUP,0.85,RULE_BASED_CLEAN,2026-08-27T15:08:45.681760+00:00
m-ric,M Ric,STARTUP,0.85,RULE_BASED_CLEAN,2026-08-27T15:08:45.681972+00:00
BlinkDL,Blinkdl,STARTUP,0.85,RULE_BASED_CLEAN,2026-08-27T15:08:45.682173+00:00
Pyramid-Flow,Pyramid Flow,STARTUP,0.85,RULE_BASED_CLEAN,2026-08-27T15:08:45.682385+00:00
jpgallegoar,Jpgallegoar,STARTUP,0.85,RULE_BASED_CLEAN,2026-08-27T15:08:45.682588+00:00
RiverZ,Riverz,STARTUP,0.85,RULE_BASED_CLEAN,2026-08-27T15:08:45.682790+00:00
PR-Puppets,Pr Puppets,STARTUP,0.85,RULE_BASED_CLEAN,2026-08-27T15:08:45.683428+00:00
aiqtech,Aiqtech,STARTUP,0.85,RULE_BASED_CLEAN,2026-08-27T15:08:45.683834+00:00
aisheets,Aisheets,STARTUP,0.85,RULE_BASED_CLEAN,2026-08-27T15:08:45.684262+00:00
PKUWilliamYang,Pkuwilliamyang,STARTUP,0.85,RULE_BASED_CLEAN,2026-08-27T15:08:45.684673+00:00
innova-ai,Innova,STARTUP,0.85,RULE_BASED_CLEAN,2026-08-27T15:08:45.684875+00:00
SkalskiP,Skalskip,STARTUP,0.85,RULE_BASED_CLEAN,2026-08-27T15:08:45.685084+00:00
radames,Radames,STARTUP,0.85,RULE_BASED_CLEAN,2026-08-27T15:08:45.685493+00:00
lerobot,Lerobot,STARTUP,0.85,RULE_BASED_CLEAN,2026-08-27T15:08:45.685901+00:00
elevenlabs,ElevenLabs,STARTUP,1.0,EXACT_SEED_MATCH,2026-08-27T15:08:45.685909+00:00
franciszzj,Franciszzj,STARTUP,0.85,RULE_BASED_CLEAN,2026-08-27T15:08:45.686132+00:00
gaia-benchmark,Gaia Benchmark,STARTUP,0.85,RULE_BASED_CLEAN,2026-08-27T15:08:45.686349+00:00
YupengZhou,Yupengzhou,STARTUP,0.85,RULE_BASED_CLEAN,2026-08-27T15:08:45.686761+00:00
diffusers,Diffusers,STARTUP,0.85,RULE_BASED_CLEAN,2026-08-27T15:08:45.687590+00:00
ArtificialAnalysis,Artificialanalysis,STARTUP,0.85,RULE_BASED_CLEAN,2026-08-27T15:08:45.688445+00:00
recognito,Recognito,STARTUP,0.85,RULE_BASED_CLEAN,2026-08-27T15:08:45.689266+00:00
darkstorm2150,Darkstorm2150,STARTUP,0.85,RULE_BASED_CLEAN,2026-08-27T15:08:45.689892+00:00
darkc0de,Darkc0De,STARTUP,0.85,RULE_BASED_CLEAN,2026-08-27T15:08:45.690109+00:00
optimum,Optimum,STARTUP,0.85,RULE_BASED_CLEAN,2026-08-27T15:08:45.690312+00:00
sd-concepts-library,Sd Concepts Library,STARTUP,0.85,RULE_BASED_CLEAN,2026-08-27T15:08:45.690946+00:00
upstage,Upstage,STARTUP,0.85,RULE_BASED_CLEAN,2026-08-27T15:08:45.691569+00:00
LiheYoung,Liheyoung,STARTUP,0.85,RULE_BASED_CLEAN,2026-08-27T15:08:45.691980+00:00
webml-community,Webml Community,STARTUP,0.85,RULE_BASED_CLEAN,2026-08-27T15:08:45.692199+00:00
WildVision,Wildvision,STARTUP,0.85,RULE_BASED_CLEAN,2026-08-27T15:08:45.692816+00:00
Miragic-AI,Miragic,STARTUP,0.85,RULE_BASED_CLEAN,2026-08-27T15:08:45.694193+00:00
pliny-the-prompter,Pliny The Prompter,STARTUP,0.85,RULE_BASED_CLEAN,2026-08-27T15:08:45.694440+00:00
retwpay,Retwpay,STARTUP,0.85,RULE_BASED_CLEAN,2026-08-27T15:08:45.694652+00:00
doevent,Doevent,STARTUP,0.85,RULE_BASED_CLEAN,2026-08-27T15:08:45.694852+00:00
BilalSardar,Bilalsardar,STARTUP,0.85,RULE_BASED_CLEAN,2026-08-27T15:08:45.695060+00:00
WeShopAI,Weshopai,STARTUP,0.85,RULE_BASED_CLEAN,2026-08-27T15:08:45.695474+00:00
jiawei011,Jiawei011,STARTUP,0.85,RULE_BASED_CLEAN,2026-08-27T15:08:45.695677+00:00
discord-community,Discord Community,STARTUP,0.85,RULE_BASED_CLEAN,2026-08-27T15:08:45.696107+00:00
HiDream-ai,Hidream,STARTUP,0.85,RULE_BASED_CLEAN,2026-08-27T15:08:45.696710+00:00
alexnasa,Alexnasa,STARTUP,0.85,RULE_BASED_CLEAN,2026-08-27T15:08:45.696912+00:00
CarperAI,Carperai,STARTUP,0.85,RULE_BASED_CLEAN,2026-08-27T15:08:45.699990+00:00
NyxKrage,Nyxkrage,STARTUP,0.85,RULE_BASED_CLEAN,2026-08-27T15:08:45.700602+00:00
strova-ai,Strova,STARTUP,0.85,RULE_BASED_CLEAN,2026-08-27T15:08:45.700806+00:00
prs-eth,Prs Eth,STARTUP,0.85,RULE_BASED_CLEAN,2026-08-27T15:08:45.701028+00:00
OpenGVLab,Opengvlab,STARTUP,0.85,RULE_BASED_CLEAN,2026-08-27T15:08:45.701231+00:00
uwnlp,Uwnlp,STARTUP,0.85,RULE_BASED_CLEAN,2026-08-27T15:08:45.701432+00:00
guoyww,Guoyww,STARTUP,0.85,RULE_BASED_CLEAN,2026-08-27T15:08:45.702038+00:00
awacke1,Awacke1,STARTUP,0.85,RULE_BASED_CLEAN,2026-08-27T15:08:45.702238+00:00
merterbak,Merterbak,STARTUP,0.85,RULE_BASED_CLEAN,2026-08-27T15:08:45.702649+00:00
yuntian-deng,Yuntian Deng,STARTUP,0.85,RULE_BASED_CLEAN,2026-08-27T15:08:45.703297+00:00
stevengrove,Stevengrove,STARTUP,0.85,RULE_BASED_CLEAN,2026-08-27T15:08:45.703728+00:00
kadirnar,Kadirnar,STARTUP,0.85,RULE_BASED_CLEAN,2026-08-27T15:08:45.704338+00:00
nvidia,Nvidia,STARTUP,0.85,RULE_BASED_CLEAN,2026-08-27T15:08:45.705574+00:00
ECCV2022,Eccv2022,STARTUP,0.85,RULE_BASED_CLEAN,2026-08-27T15:08:45.705978+00:00
shi-labs,Shi,STARTUP,0.85,RULE_BASED_CLEAN,2026-08-27T15:08:45.706183+00:00
flamehaze1115,Flamehaze1115,STARTUP,0.85,RULE_BASED_CLEAN,2026-08-27T15:08:45.706590+00:00
editing-images,Editing Images,STARTUP,0.85,RULE_BASED_CLEAN,2026-08-27T15:08:45.706807+00:00
artificialguybr,Artificialguybr,STARTUP,0.85,RULE_BASED_CLEAN,2026-08-27T15:08:45.707011+00:00
OAOA,Oaoa,STARTUP,0.85,RULE_BASED_CLEAN,2026-08-27T15:08:45.707627+00:00
reach-vb,Reach Vb,STARTUP,0.85,RULE_BASED_CLEAN,2026-08-27T15:08:45.708646+00:00
M3st3rJ4k3l,M3St3Rj4K3L,STARTUP,0.85,RULE_BASED_CLEAN,2026-08-27T15:08:45.709549+00:00
okaris,Okaris,STARTUP,0.85,RULE_BASED_CLEAN,2026-08-27T15:08:45.709758+00:00
lamm-mit,Lamm Mit,STARTUP,0.85,RULE_BASED_CLEAN,2026-08-27T15:08:45.710211+00:00
nielsr,Nielsr,STARTUP,0.85,RULE_BASED_CLEAN,2026-08-27T15:08:45.710648+00:00
ginigen,Ginigen,STARTUP,0.85,RULE_BASED_CLEAN,2026-08-27T15:08:45.711471+00:00
deddytoyota,Deddytoyota,STARTUP,0.85,RULE_BASED_CLEAN,2026-08-27T15:08:45.711675+00:00
galileo-ai,Galileo,STARTUP,0.85,RULE_BASED_CLEAN,2026-08-27T15:08:45.712318+00:00
khang119966,Khang119966,STARTUP,0.85,RULE_BASED_CLEAN,2026-08-27T15:08:45.712518+00:00
ThomasSimonini,Thomassimonini,STARTUP,0.85,RULE_BASED_CLEAN,2026-08-27T15:08:45.712727+00:00
ByteDance-Seed,Bytedance Seed,STARTUP,0.85,RULE_BASED_CLEAN,2026-08-27T15:08:45.712944+00:00
apple,Apple,STARTUP,0.85,RULE_BASED_CLEAN,2026-08-27T15:08:45.713365+00:00
OmniGen2,Omnigen2,STARTUP,0.85,RULE_BASED_CLEAN,2026-08-27T15:08:45.713771+00:00
tloen,Tloen,STARTUP,0.85,RULE_BASED_CLEAN,2026-08-27T15:08:45.713974+00:00
ArkanDash,Arkandash,STARTUP,0.85,RULE_BASED_CLEAN,2026-08-27T15:08:45.714184+00:00
vikhyatk,Vikhyatk,STARTUP,0.85,RULE_BASED_CLEAN,2026-08-27T15:08:45.714402+00:00
hpcai-tech,Hpcai Tech,STARTUP,0.85,RULE_BASED_CLEAN,2026-08-27T15:08:45.714617+00:00
abdul9999,Abdul9999,STARTUP,0.85,RULE_BASED_CLEAN,2026-08-27T15:08:45.714822+00:00
Nech-C,Nech C,STARTUP,0.85,RULE_BASED_CLEAN,2026-08-27T15:08:45.715035+00:00
gunship999,Gunship999,STARTUP,0.85,RULE_BASED_CLEAN,2026-08-27T15:08:45.715638+00:00
Anonymous-sub,Anonymous Sub,STARTUP,0.85,RULE_BASED_CLEAN,2026-08-27T15:08:45.716060+00:00
openlifescienceai,Openlifescienceai,STARTUP,0.85,RULE_BASED_CLEAN,2026-08-27T15:08:45.716261+00:00
allenai,Allenai,STARTUP,0.85,RULE_BASED_CLEAN,2026-08-27T15:08:45.716666+00:00
qingxu98,Qingxu98,STARTUP,0.85,RULE_BASED_CLEAN,2026-08-27T15:08:45.717068+00:00
kakaobrain,Kakaobrain,STARTUP,0.85,RULE_BASED_CLEAN,2026-08-27T15:08:45.717286+00:00
wushuang98,Wushuang98,STARTUP,0.85,RULE_BASED_CLEAN,2026-08-27T15:08:45.718125+00:00
badayvedat,Badayvedat,STARTUP,0.85,RULE_BASED_CLEAN,2026-08-27T15:08:45.718533+00:00
ydshieh,Ydshieh,STARTUP,0.85,RULE_BASED_CLEAN,2026-08-27T15:08:45.718741+00:00
daspartho,Daspartho,STARTUP,0.85,RULE_BASED_CLEAN,2026-08-27T15:08:45.719361+00:00
Efficient-Large-Model,Efficient Large Model,STARTUP,0.85,RULE_BASED_CLEAN,2026-08-27T15:08:45.719991+00:00
vumichien,Vumichien,STARTUP,0.85,RULE_BASED_CLEAN,2026-08-27T15:08:45.720209+00:00
jeffistyping,Jeffistyping,STARTUP,0.85,RULE_BASED_CLEAN,2026-08-27T15:08:45.722498+00:00
SteveDigital,Stevedigital,STARTUP,0.85,RULE_BASED_CLEAN,2026-08-27T15:08:45.723335+00:00
baidu,Baidu,STARTUP,0.85,RULE_BASED_CLEAN,2026-08-27T15:08:45.723999+00:00
One-2-3-45,One 2 3 45,STARTUP,0.85,RULE_BASED_CLEAN,2026-08-27T15:08:45.724439+00:00
3d-arena,3D Arena,STARTUP,0.85,RULE_BASED_CLEAN,2026-08-27T15:08:45.724662+00:00
LeeSangHoon,Leesanghoon,STARTUP,0.85,RULE_BASED_CLEAN,2026-08-27T15:08:45.724889+00:00
malcolmrey,Malcolmrey,STARTUP,0.85,RULE_BASED_CLEAN,2026-08-27T15:08:45.726148+00:00
smola,Smola,STARTUP,0.85,RULE_BASED_CLEAN,2026-08-27T15:08:45.726383+00:00
NeuralFalcon,Neuralfalcon,STARTUP,0.85,RULE_BASED_CLEAN,2026-08-27T15:08:45.726601+00:00
yizhangliu,Yizhangliu,STARTUP,0.85,RULE_BASED_CLEAN,2026-08-27T15:08:45.727662+00:00
warp-ai,Warp,STARTUP,0.85,RULE_BASED_CLEAN,2026-08-27T15:08:45.729132+00:00
cvachet,Cvachet,STARTUP,0.85,RULE_BASED_CLEAN,2026-08-27T15:08:45.729338+00:00
PAIR,Pair,STARTUP,0.85,RULE_BASED_CLEAN,2026-08-27T15:08:45.729543+00:00
collabora,Collabora,STARTUP,0.85,RULE_BASED_CLEAN,2026-08-27T15:08:45.730378+00:00
project-baize,Project Baize,STARTUP,0.85,RULE_BASED_CLEAN,2026-08-27T15:08:45.730599+00:00
opparco,Opparco,STARTUP,0.85,RULE_BASED_CLEAN,2026-08-27T15:08:45.730807+00:00
wwen1997,Wwen1997,STARTUP,0.85,RULE_BASED_CLEAN,2026-08-27T15:08:45.732072+00:00
aadnk,Aadnk,STARTUP,0.85,RULE_BASED_CLEAN,2026-08-27T15:08:45.732708+00:00
terrariyum,Terrariyum,STARTUP,0.85,RULE_BASED_CLEAN,2026-08-27T15:08:45.732918+00:00
3DAIGC,3Daigc,STARTUP,0.85,RULE_BASED_CLEAN,2026-08-27T15:08:45.733129+00:00
amirgame197,Amirgame197,STARTUP,0.85,RULE_BASED_CLEAN,2026-08-27T15:08:45.733755+00:00
OzzyGT,Ozzygt,STARTUP,0.85,RULE_BASED_CLEAN,2026-08-27T15:08:45.734178+00:00
stepfun-ai,Stepfun,STARTUP,0.85,RULE_BASED_CLEAN,2026-08-27T15:08:45.734388+00:00
mikeee,Mikeee,STARTUP,0.85,RULE_BASED_CLEAN,2026-08-27T15:08:45.734601+00:00
hesamation,Hesamation,STARTUP,0.85,RULE_BASED_CLEAN,2026-08-27T15:08:45.735020+00:00
itsMarco-G,Itsmarco G,STARTUP,0.85,RULE_BASED_CLEAN,2026-08-27T15:08:45.735237+00:00
wangfuyun,Wangfuyun,STARTUP,0.85,RULE_BASED_CLEAN,2026-08-27T15:08:45.736076+00:00
MiniMaxAI,Minimaxai,STARTUP,0.85,RULE_BASED_CLEAN,2026-08-27T15:08:45.736281+00:00
OpenEvals,Openevals,STARTUP,0.85,RULE_BASED_CLEAN,2026-08-27T15:08:45.736495+00:00
k-mktr,K Mktr,STARTUP,0.85,RULE_BASED_CLEAN,2026-08-27T15:08:45.736715+00:00
H-Liu1997,H Liu1997,STARTUP,0.85,RULE_BASED_CLEAN,2026-08-27T15:08:45.737354+00:00
SimianLuo,Simianluo,STARTUP,0.85,RULE_BASED_CLEAN,2026-08-27T15:08:45.737964+00:00
PixArt-alpha,Pixart Alpha,STARTUP,0.85,RULE_BASED_CLEAN,2026-08-27T15:08:45.738180+00:00
AiSudo,Aisudo,STARTUP,0.85,RULE_BASED_CLEAN,2026-08-27T15:08:45.738993+00:00
jallenjia,Jallenjia,STARTUP,0.85,RULE_BASED_CLEAN,2026-08-27T15:08:45.739398+00:00
flax-community,Flax Community,STARTUP,0.85,RULE_BASED_CLEAN,2026-08-27T15:08:45.739610+00:00
01-ai,01,STARTUP,0.85,RULE_BASED_CLEAN,2026-08-27T15:08:45.739815+00:00
gimbx,Gimbx,STARTUP,0.85,RULE_BASED_CLEAN,2026-08-27T15:08:45.740223+00:00
olivierdehaene,Olivierdehaene,STARTUP,0.85,RULE_BASED_CLEAN,2026-08-27T15:08:45.740628+00:00
polaroidresearch,Polaroidresearch,STARTUP,0.85,RULE_BASED_CLEAN,2026-08-27T15:08:45.741448+00:00
kevinwang676,Kevinwang676,STARTUP,0.85,RULE_BASED_CLEAN,2026-08-27T15:08:45.741860+00:00
openfree,Openfree,STARTUP,0.85,RULE_BASED_CLEAN,2026-08-27T15:08:45.742292+00:00
marcop,Marcop,STARTUP,0.85,RULE_BASED_CLEAN,2026-08-27T15:08:45.742527+00:00
abidlabs,Abidlabs,STARTUP,0.85,RULE_BASED_CLEAN,2026-08-27T15:08:45.743019+00:00
tsujuifu,Tsujuifu,STARTUP,0.85,RULE_BASED_CLEAN,2026-08-27T15:08:45.743297+00:00
Mistral-AI-Game-Jam,Mistral Game Jam,STARTUP,0.85,RULE_BASED_CLEAN,2026-08-27T15:08:45.744019+00:00
hilamanor,Hilamanor,STARTUP,0.85,RULE_BASED_CLEAN,2026-08-27T15:08:45.744734+00:00
fantaxy,Fantaxy,STARTUP,0.85,RULE_BASED_CLEAN,2026-08-27T15:08:45.745371+00:00
dvruette,Dvruette,STARTUP,0.85,RULE_BASED_CLEAN,2026-08-27T15:08:45.746242+00:00
ashawkey,Ashawkey,STARTUP,0.85,RULE_BASED_CLEAN,2026-08-27T15:08:45.746628+00:00
techfreakworm,Techfreakworm,STARTUP,0.85,RULE_BASED_CLEAN,2026-08-27T15:08:45.748210+00:00
ZhengPeng7,Zhengpeng7,STARTUP,0.85,RULE_BASED_CLEAN,2026-08-27T15:08:45.748709+00:00
declare-lab,Declare Lab,STARTUP,0.85,RULE_BASED_CLEAN,2026-08-27T15:08:45.748927+00:00
drewThomasson,Drewthomasson,STARTUP,0.85,RULE_BASED_CLEAN,2026-08-27T15:08:45.749134+00:00
SmilingWolf,Smilingwolf,STARTUP,0.85,RULE_BASED_CLEAN,2026-08-27T15:08:45.749570+00:00
ATH-MaaS,Ath Maas,STARTUP,0.85,RULE_BASED_CLEAN,2026-08-27T15:08:45.750035+00:00
lisonallen,Lisonallen,STARTUP,0.85,RULE_BASED_CLEAN,2026-08-27T15:08:45.750735+00:00
FunAudioLLM,Funaudiollm,STARTUP,0.85,RULE_BASED_CLEAN,2026-08-27T15:08:45.751237+00:00
neuphonic,Neuphonic,STARTUP,0.85,RULE_BASED_CLEAN,2026-08-27T15:08:45.751464+00:00
segmind,Segmind,STARTUP,0.85,RULE_BASED_CLEAN,2026-08-27T15:08:45.751676+00:00
xinyu1205,Xinyu1205,STARTUP,0.85,RULE_BASED_CLEAN,2026-08-27T15:08:45.752329+00:00
jupyter-agent,Jupyter Agent,STARTUP,0.85,RULE_BASED_CLEAN,2026-08-27T15:08:45.752787+00:00
srinivasbilla,Srinivasbilla,STARTUP,0.85,RULE_BASED_CLEAN,2026-08-27T15:08:45.753001+00:00
big-vision,Big Vision,STARTUP,0.85,RULE_BASED_CLEAN,2026-08-27T15:08:45.753226+00:00
tori29umai,Tori29Umai,STARTUP,0.85,RULE_BASED_CLEAN,2026-08-27T15:08:45.753874+00:00
ohayonguy,Ohayonguy,STARTUP,0.85,RULE_BASED_CLEAN,2026-08-27T15:08:45.754094+00:00
lora-library,Lora Library,STARTUP,0.85,RULE_BASED_CLEAN,2026-08-27T15:08:45.754969+00:00
cvlab,Cvlab,STARTUP,0.85,RULE_BASED_CLEAN,2026-08-27T15:08:45.755180+00:00
kby-ai,Kby,STARTUP,0.85,RULE_BASED_CLEAN,2026-08-27T15:08:45.756503+00:00
adept,Adept AI,STARTUP,1.0,EXACT_SEED_MATCH,2026-08-27T15:08:45.756511+00:00
armen425221356,Armen425221356,STARTUP,0.85,RULE_BASED_CLEAN,2026-08-27T15:08:45.758445+00:00
lenML,Lenml,STARTUP,0.85,RULE_BASED_CLEAN,2026-08-27T15:08:45.758660+00:00
signsur4739379373,Signsur4739379373,STARTUP,0.85,RULE_BASED_CLEAN,2026-08-27T15:08:45.759745+00:00
TIGER-Lab,Tiger Lab,STARTUP,0.85,RULE_BASED_CLEAN,2026-08-27T15:08:45.760836+00:00
h2oai,H2Oai,STARTUP,0.85,RULE_BASED_CLEAN,2026-08-27T15:08:45.761054+00:00
kontext-community,Kontext Community,STARTUP,0.85,RULE_BASED_CLEAN,2026-08-27T15:08:45.761934+00:00
sentence-transformers,Sentence Transformers,STARTUP,0.85,RULE_BASED_CLEAN,2026-08-27T15:08:45.762163+00:00
google-bert,Google Bert,STARTUP,0.85,RULE_BASED_CLEAN,2026-08-27T15:08:45.762388+00:00
cross-encoder,Cross Encoder,STARTUP,0.85,RULE_BASED_CLEAN,2026-08-27T15:08:45.762622+00:00
BAAI,Baai,STARTUP,0.85,RULE_BASED_CLEAN,2026-08-27T15:08:45.762829+00:00
google,Google,STARTUP,0.85,RULE_BASED_CLEAN,2026-08-27T15:08:45.763261+00:00
amazon,Amazon,STARTUP,0.85,RULE_BASED_CLEAN,2026-08-27T15:08:45.763677+00:00
lpiccinelli,Lpiccinelli,STARTUP,0.85,RULE_BASED_CLEAN,2026-08-27T15:08:45.764317+00:00
google-t5,Google T5,STARTUP,0.85,RULE_BASED_CLEAN,2026-08-27T15:08:45.764534+00:00
Comfy-Org,Comfy Org,STARTUP,0.85,RULE_BASED_CLEAN,2026-08-27T15:08:45.764761+00:00
FacebookAI,Facebookai,STARTUP,0.85,RULE_BASED_CLEAN,2026-08-27T15:08:45.764971+00:00
timm,Timm,STARTUP,0.85,RULE_BASED_CLEAN,2026-08-27T15:08:45.765179+00:00
trl-internal-testing,Trl Internal Testing,STARTUP,0.85,RULE_BASED_CLEAN,2026-08-27T15:08:45.765616+00:00
nomic-ai,Nomic,STARTUP,0.85,RULE_BASED_CLEAN,2026-08-27T15:08:45.765828+00:00
openai-community,Openai Community,STARTUP,0.85,RULE_BASED_CLEAN,2026-08-27T15:08:45.766051+00:00
unsloth,Unsloth,STARTUP,0.85,RULE_BASED_CLEAN,2026-08-27T15:08:45.767297+00:00
intfloat,Intfloat,STARTUP,0.85,RULE_BASED_CLEAN,2026-08-27T15:08:45.767504+00:00
argmaxinc,Argmaxinc,STARTUP,0.85,RULE_BASED_CLEAN,2026-08-27T15:08:45.768540+00:00
jonatasgrosman,Jonatasgrosman,STARTUP,0.85,RULE_BASED_CLEAN,2026-08-27T15:08:45.769355+00:00
pyannote,Pyannote,STARTUP,0.85,RULE_BASED_CLEAN,2026-08-27T15:08:45.769980+00:00
laion,Laion,STARTUP,0.85,RULE_BASED_CLEAN,2026-08-27T15:08:45.771216+00:00
meta-llama,Meta Llama,STARTUP,0.85,RULE_BASED_CLEAN,2026-08-27T15:08:45.773096+00:00
autogluon,Autogluon,STARTUP,0.85,RULE_BASED_CLEAN,2026-08-27T15:08:45.773596+00:00
distilbert,Distilbert,STARTUP,0.85,RULE_BASED_CLEAN,2026-08-27T15:08:45.774265+00:00
farbodtavakkoli,Farbodtavakkoli,STARTUP,0.85,RULE_BASED_CLEAN,2026-08-27T15:08:45.774539+00:00
ibm-granite,Ibm Granite,STARTUP,0.85,RULE_BASED_CLEAN,2026-08-27T15:08:45.776942+00:00
answerdotai,Answerdotai,STARTUP,0.85,RULE_BASED_CLEAN,2026-08-27T15:08:45.777356+00:00
ProsusAI,Prosusai,STARTUP,0.85,RULE_BASED_CLEAN,2026-08-27T15:08:45.778389+00:00
dphn,Dphn,STARTUP,0.85,RULE_BASED_CLEAN,2026-08-27T15:08:45.779216+00:00
ornith-ai,Ornith,STARTUP,0.85,RULE_BASED_CLEAN,2026-08-27T15:08:45.780036+00:00
datasocietyco,Datasocietyco,STARTUP,0.85,RULE_BASED_CLEAN,2026-08-27T15:08:45.781948+00:00
EleutherAI,Eleutherai,STARTUP,0.85,RULE_BASED_CLEAN,2026-08-27T15:08:45.784850+00:00
mistralai,Mistral AI,STARTUP,0.88,FUZZY_RATIO_MATCH,2026-08-27T15:08:45.787428+00:00
usyd-community,Usyd Community,STARTUP,0.85,RULE_BASED_CLEAN,2026-08-27T15:08:45.787659+00:00
mixedbread-ai,Mixedbread,STARTUP,0.85,RULE_BASED_CLEAN,2026-08-27T15:08:45.788073+00:00
cardiffnlp,Cardiffnlp,STARTUP,0.85,RULE_BASED_CLEAN,2026-08-27T15:08:45.788486+00:00
RadixArk,Radixark,STARTUP,0.85,RULE_BASED_CLEAN,2026-08-27T15:08:45.788690+00:00
charactr,Character.ai,STARTUP,0.94,FUZZY_RATIO_MATCH,2026-08-27T15:08:45.788892+00:00
indonesian-nlp,Indonesian Nlp,STARTUP,0.85,RULE_BASED_CLEAN,2026-08-27T15:08:45.789716+00:00
moonshotai,Moonshotai,STARTUP,0.85,RULE_BASED_CLEAN,2026-08-27T15:08:45.790130+00:00
E-MIMIC,E Mimic,STARTUP,0.85,RULE_BASED_CLEAN,2026-08-27T15:08:45.790752+00:00
datalab-to,Datalab To,STARTUP,0.85,RULE_BASED_CLEAN,2026-08-27T15:08:45.790960+00:00
DavidAU,Davidau,STARTUP,0.85,RULE_BASED_CLEAN,2026-08-27T15:08:45.791999+00:00
jinaai,Jinaai,STARTUP,0.85,RULE_BASED_CLEAN,2026-08-27T15:08:45.792807+00:00
cyankiwi,Cyankiwi,STARTUP,0.85,RULE_BASED_CLEAN,2026-08-27T15:08:45.793015+00:00
NeoQuasar,Neoquasar,STARTUP,0.85,RULE_BASED_CLEAN,2026-08-27T15:08:45.794038+00:00
HauhauCS,Hauhaucs,STARTUP,0.85,RULE_BASED_CLEAN,2026-08-27T15:08:45.794240+00:00
daekeun-ml,Daekeun Ml,STARTUP,0.85,RULE_BASED_CLEAN,2026-08-27T15:08:45.794859+00:00
dbmdz,Dbmdz,STARTUP,0.85,RULE_BASED_CLEAN,2026-08-27T15:08:45.795899+00:00
MahmoudAshraf,Mahmoudashraf,STARTUP,0.85,RULE_BASED_CLEAN,2026-08-27T15:08:45.796514+00:00
w11wo,W11Wo,STARTUP,0.85,RULE_BASED_CLEAN,2026-08-27T15:08:45.797122+00:00
llava-hf,Llava Hf,STARTUP,0.85,RULE_BASED_CLEAN,2026-08-27T15:08:45.798787+00:00
michaelfeil,Michaelfeil,STARTUP,0.85,RULE_BASED_CLEAN,2026-08-27T15:08:45.798998+00:00
mlx-community,Mlx Community,STARTUP,0.85,RULE_BASED_CLEAN,2026-08-27T15:08:45.799414+00:00
TostAI,Tostai,STARTUP,0.85,RULE_BASED_CLEAN,2026-08-27T15:08:45.801701+00:00
patrickjohncyh,Patrickjohncyh,STARTUP,0.85,RULE_BASED_CLEAN,2026-08-27T15:08:45.802749+00:00
emilyalsentzer,Emilyalsentzer,STARTUP,0.85,RULE_BASED_CLEAN,2026-08-27T15:08:45.803363+00:00
dslim,Dslim,STARTUP,0.85,RULE_BASED_CLEAN,2026-08-27T15:08:45.804194+00:00
docling-project,Docling Project,STARTUP,0.85,RULE_BASED_CLEAN,2026-08-27T15:08:45.804406+00:00
TinyLlama,Tinyllama,STARTUP,0.85,RULE_BASED_CLEAN,2026-08-27T15:08:45.804807+00:00
hmellor,Hmellor,STARTUP,0.85,RULE_BASED_CLEAN,2026-08-27T15:08:45.805561+00:00
prism-ml,Prism Ml,STARTUP,0.85,RULE_BASED_CLEAN,2026-08-27T15:08:45.806614+00:00
lmstudio-community,Lmstudio Community,STARTUP,0.85,RULE_BASED_CLEAN,2026-08-27T15:08:45.806833+00:00
sentence-transformers-testing,Sentence Transformers Testing,STARTUP,0.85,RULE_BASED_CLEAN,2026-08-27T15:08:45.807701+00:00
antirez,Antirez,STARTUP,0.85,RULE_BASED_CLEAN,2026-08-27T15:08:45.808127+00:00
handy-computer,Handy Computer,STARTUP,0.85,RULE_BASED_CLEAN,2026-08-27T15:08:45.808748+00:00
gigant,Gigant,STARTUP,0.85,RULE_BASED_CLEAN,2026-08-27T15:08:45.809577+00:00
speechbrain,Speechbrain,STARTUP,0.85,RULE_BASED_CLEAN,2026-08-27T15:08:45.809779+00:00
biohub,Biohub,STARTUP,0.85,RULE_BASED_CLEAN,2026-08-27T15:08:45.811025+00:00
StanfordAIMI,Stanfordaimi,STARTUP,0.85,RULE_BASED_CLEAN,2026-08-27T15:08:45.811228+00:00
comodoro,Comodoro,STARTUP,0.85,RULE_BASED_CLEAN,2026-08-27T15:08:45.812332+00:00
rhasspy,Rhasspy,STARTUP,0.85,RULE_BASED_CLEAN,2026-08-27T15:08:45.812944+00:00
anuragshas,Anuragshas,STARTUP,0.85,RULE_BASED_CLEAN,2026-08-27T15:08:45.813149+00:00
iitolstykh,Iitolstykh,STARTUP,0.85,RULE_BASED_CLEAN,2026-08-27T15:08:45.813578+00:00
Alibaba-NLP,Alibaba Nlp,STARTUP,0.85,RULE_BASED_CLEAN,2026-08-27T15:08:45.814201+00:00
peft-internal-testing,Peft Internal Testing,STARTUP,0.85,RULE_BASED_CLEAN,2026-08-27T15:08:45.814626+00:00
KBLab,Kblab,STARTUP,0.85,RULE_BASED_CLEAN,2026-08-27T15:08:45.815266+00:00
JonathanColetti,Jonathancoletti,STARTUP,0.85,RULE_BASED_CLEAN,2026-08-27T15:08:45.818691+00:00
dima806,Dima806,STARTUP,0.85,RULE_BASED_CLEAN,2026-08-27T15:08:45.819985+00:00
prajjwal1,Prajjwal1,STARTUP,0.85,RULE_BASED_CLEAN,2026-08-27T15:08:45.822264+00:00
audeering,Audeering,STARTUP,0.85,RULE_BASED_CLEAN,2026-08-27T15:08:45.822867+00:00
kingabzpro,Kingabzpro,STARTUP,0.85,RULE_BASED_CLEAN,2026-08-27T15:08:45.823076+00:00
RedHatAI,Redhatai,STARTUP,0.85,RULE_BASED_CLEAN,2026-08-27T15:08:45.823583+00:00
neuralmind,Neuralmind,STARTUP,0.85,RULE_BASED_CLEAN,2026-08-27T15:08:45.823991+00:00
WhereIsAI,Whereisai,STARTUP,0.85,RULE_BASED_CLEAN,2026-08-27T15:08:45.824628+00:00
cambridgeltl,Cambridgeltl,STARTUP,0.85,RULE_BASED_CLEAN,2026-08-27T15:08:45.825673+00:00
rizvandwiki,Rizvandwiki,STARTUP,0.85,RULE_BASED_CLEAN,2026-08-27T15:08:45.825891+00:00
dropbox-dash,Dropbox Dash,STARTUP,0.85,RULE_BASED_CLEAN,2026-08-27T15:08:45.827163+00:00
mudler,Mudler,STARTUP,0.85,RULE_BASED_CLEAN,2026-08-27T15:08:45.827365+00:00
IDEA-Research,Idea Research,STARTUP,0.85,RULE_BASED_CLEAN,2026-08-27T15:08:45.827582+00:00
stable-diffusion-v1-5,Stable Diffusion V1 5,STARTUP,0.85,RULE_BASED_CLEAN,2026-08-27T15:08:45.828672+00:00
theainerd,Theainerd,STARTUP,0.85,RULE_BASED_CLEAN,2026-08-27T15:08:45.828876+00:00
colbert-ir,Colbert Ir,STARTUP,0.85,RULE_BASED_CLEAN,2026-08-27T15:08:45.829307+00:00
airesearch,Airesearch,STARTUP,0.85,RULE_BASED_CLEAN,2026-08-27T15:08:45.829959+00:00
QuantTrio,Quanttrio,STARTUP,0.85,RULE_BASED_CLEAN,2026-08-27T15:08:45.830634+00:00
gaunernst,Gaunernst,STARTUP,0.85,RULE_BASED_CLEAN,2026-08-27T15:08:45.830842+00:00
huihui-ai,Huihui,STARTUP,0.85,RULE_BASED_CLEAN,2026-08-27T15:08:45.831901+00:00
prithivida,Prithivida,STARTUP,0.85,RULE_BASED_CLEAN,2026-08-27T15:08:45.832950+00:00
mesolitica,Mesolitica,STARTUP,0.85,RULE_BASED_CLEAN,2026-08-27T15:08:45.834226+00:00
MIT,Mit,STARTUP,0.85,RULE_BASED_CLEAN,2026-08-27T15:08:45.834649+00:00
bigscience,Bigscience,STARTUP,0.85,RULE_BASED_CLEAN,2026-08-27T15:08:45.835771+00:00
imvladikon,Imvladikon,STARTUP,0.85,RULE_BASED_CLEAN,2026-08-27T15:08:45.837874+00:00
ibm-research,Ibm Research,STARTUP,0.85,RULE_BASED_CLEAN,2026-08-27T15:08:45.838303+00:00
nguyenvulebinh,Nguyenvulebinh,STARTUP,0.85,RULE_BASED_CLEAN,2026-08-27T15:08:45.839076+00:00
sahilchachra,Sahilchachra,STARTUP,0.85,RULE_BASED_CLEAN,2026-08-27T15:08:45.842870+00:00
sshleifer,Sshleifer,STARTUP,0.85,RULE_BASED_CLEAN,2026-08-27T15:08:45.844341+00:00
onnx-community,Onnx Community,STARTUP,0.85,RULE_BASED_CLEAN,2026-08-27T15:08:45.845135+00:00
finiteautomata,Finiteautomata,STARTUP,0.85,RULE_BASED_CLEAN,2026-08-27T15:08:45.848235+00:00
CIDAS,Cidas,STARTUP,0.85,RULE_BASED_CLEAN,2026-08-27T15:08:45.850520+00:00
Clickhouse,Clickhouse,COMPANY,0.85,RULE_BASED_CLEAN,2026-08-27T15:08:45.851281+00:00
Maze,Maze,COMPANY,0.85,RULE_BASED_CLEAN,2026-08-27T15:08:45.851704+00:00
Grafana Labs,Grafana,COMPANY,0.85,RULE_BASED_CLEAN,2026-08-27T15:08:45.852097+00:00
BetterHelp,Betterhelp,COMPANY,0.85,RULE_BASED_CLEAN,2026-08-27T15:08:45.852592+00:00
Pleo,Pleo,COMPANY,0.85,RULE_BASED_CLEAN,2026-08-27T15:08:45.852992+00:00
Dispatch,Dispatch,COMPANY,0.85,RULE_BASED_CLEAN,2026-08-27T15:08:45.853378+00:00
Welo Global,Welo Global,COMPANY,0.85,RULE_BASED_CLEAN,2026-08-27T15:08:45.853837+00:00
ecosio,Ecosio,COMPANY,0.85,RULE_BASED_CLEAN,2026-08-27T15:08:45.855465+00:00
Veeam Software,Veeam Software,COMPANY,0.85,RULE_BASED_CLEAN,2026-08-27T15:08:45.855831+00:00
Ashby,Ashby,COMPANY,0.85,RULE_BASED_CLEAN,2026-08-27T15:08:45.856194+00:00
Reddit,Reddit,COMPANY,0.85,RULE_BASED_CLEAN,2026-08-27T15:08:45.856968+00:00
RevenueCat,Revenuecat,COMPANY,0.85,RULE_BASED_CLEAN,2026-08-27T15:08:45.857352+00:00
WSP,Wsp,COMPANY,0.85,RULE_BASED_CLEAN,2026-08-27T15:08:45.857732+00:00
Enode,Enode,COMPANY,0.85,RULE_BASED_CLEAN,2026-08-27T15:08:45.859360+00:00
